All quantities (Number of data points used, mean expected W mass [GeV/c^2], mean hypothesis masses [GeV/c^2], mass width [GeV/c^2], chi_square value of hypothesis fit):
	80.379, [78.  78.5 79.  79.5 80.  80.5 81.  81.5 82. ], 2070, 1.5415639895735953
Found optimal massses (chi-square roots)[GeV/c^2]:
[81.04356316]
Uncertainty [GeV/c^2]: 1.4210854715202004e-14
X_energ_vls:
[0.6, 1.7999999999999998, 3.0, 4.199999999999999, 5.4, 6.6, 7.8, 9.0, 10.2, 11.399999999999999, 12.6, 13.799999999999999, 15.0, 16.2, 17.4, 18.6, 19.799999999999997, 21.0, 22.2, 23.4, 24.6, 25.799999999999997, 27.0, 28.199999999999996, 29.4, 30.6, 31.799999999999997, 33.0, 34.2, 35.4, 36.599999999999994, 37.8, 39.0, 40.2, 41.4, 42.599999999999994, 43.8, 45.0, 46.2, 47.4, 48.599999999999994, 49.8, 51.0, 52.2, 53.4, 54.599999999999994, 55.8, 57.0, 58.199999999999996, 59.4, 60.599999999999994, 61.8, 63.0, 64.19999999999999, 65.4, 66.6, 67.8, 69.0, 70.19999999999999, 71.4, 72.6, 73.8, 75.0, 76.19999999999999, 77.4, 78.6, 79.8, 81.0, 82.19999999999999, 83.4, 84.6, 85.8, 87.0, 88.19999999999999, 89.4, 90.6, 91.8, 93.0, 94.19999999999999, 95.4, 96.6, 97.8, 99.0, 100.19999999999999, 101.4, 102.6, 103.8, 105.0, 106.19999999999999, 107.4, 108.6, 109.8, 111.0, 112.19999999999999, 113.4, 114.6, 115.79999999999998, 117.0, 118.19999999999999, 119.4]
Y_data_bin_cnts:
[0.0, 0.0, 0.0, 0.0, 0.0, 0.0, 0.0, 0.0, 0.0, 0.0, 0.0, 0.0, 0.0, 0.0, 0.0, 0.0, 0.0, 0.0, 8.0, 415.0000305175781, 524.0, 546.0, 600.0, 611.0, 609.0, 614.0, 637.0, 656.0, 678.0, 667.0, 607.0, 610.0, 543.0, 405.0, 337.0000305175781, 251.0, 185.0, 166.0, 116.0, 108.0, 93.0, 69.0, 50.0, 67.0, 45.999996185302734, 47.000003814697266, 27.0, 25.0, 22.999998092651367, 28.0, 19.0, 22.0, 24.000001907348633, 26.0, 14.0, 19.0, 10.0, 9.0, 6.000000476837158, 7.0, 9.0, 9.0, 11.0, 8.0, 5.0, 10.0, 5.0, 3.000000238418579, 6.000000476837158, 4.0, 2.0, 3.000000238418579, 4.0, 4.0, 3.000000238418579, 2.0, 3.000000238418579, 1.0, 1.0, 3.000000238418579, 0.0, 4.0, 1.0, 1.0, 1.0, 1.0, 2.0, 0.0, 0.0, 1.0, 0.0, 1.0, 1.0, 0.0, 0.0, 0.0, 0.0, 1.0, 2.0, 0.0]
Y_model_bin_cnts (using the first chi-square root):
[0.0, 0.0, 0.0, 0.0, 0.0, 0.0, 0.0, 0.0, 0.0, 0.0, 0.0, 0.0, 0.0, 0.0, 0.0, 0.0, 0.0, 0.0, 7.869345188140869, 408.188232421875, 515.3875122070312, 537.0234985351562, 590.1290893554688, 600.94677734375, 598.9799194335938, 603.8970336914062, 626.515625, 645.2003173828125, 666.8350830078125, 656.0177612304688, 597.0130615234375, 599.9633178710938, 534.0731201171875, 398.3531799316406, 331.4738464355469, 246.888427734375, 181.97203063964844, 163.2836456298828, 114.10298919677734, 106.23399353027344, 91.47955322265625, 67.87226104736328, 49.182987213134766, 65.90497589111328, 45.248382568359375, 46.23203659057617, 26.558937072753906, 24.591617584228516, 22.624298095703125, 27.5425968170166, 18.689653396606445, 21.64063835144043, 23.60795783996582, 25.57527732849121, 13.771337509155273, 18.689653396606445, 9.836677551269531, 8.853011131286621, 5.902011394500732, 6.885678291320801, 8.853011131286621, 8.853011131286621, 10.820343017578125, 7.869345188140869, 4.918343544006348, 9.836677551269531, 4.918343544006348, 2.95100736618042, 5.902011394500732, 3.934675931930542, 1.9673386812210083, 2.95100736618042, 3.934675931930542, 3.934675931930542, 2.95100736618042, 1.9673386812210083, 2.95100736618042, 0.9836695790290833, 0.9836695790290833, 2.95100736618042, 0.0, 3.934675931930542, 0.9836695790290833, 0.9836695790290833, 0.9836695790290833, 0.9836695790290833, 1.9673386812210083, 0.0, 0.0, 0.9836695790290833, 0.0, 0.9836695790290833, 0.9836695790290833, 0.0, 0.0, 0.0, 0.0, 0.9836695790290833, 1.9673386812210083, 0.0]
