All quantities (Number of data points used, mean expected W mass [GeV/c^2], mean hypothesis masses [GeV/c^2], mass width [GeV/c^2], chi_square value of hypothesis fit):
	80.379, [78.  78.5 79.  79.5 80.  80.5 81.  81.5 82. ], 2070, 54.43375760081301
Found optimal massses (chi-square roots)[GeV/c^2]:
[80.40684652]
Uncertainty [GeV/c^2]: 0.1807004941410213
X_energ_vls:
[0.6, 1.7999999999999998, 3.0, 4.199999999999999, 5.4, 6.6, 7.8, 9.0, 10.2, 11.399999999999999, 12.6, 13.799999999999999, 15.0, 16.2, 17.4, 18.6, 19.799999999999997, 21.0, 22.2, 23.4, 24.6, 25.799999999999997, 27.0, 28.199999999999996, 29.4, 30.6, 31.799999999999997, 33.0, 34.2, 35.4, 36.599999999999994, 37.8, 39.0, 40.2, 41.4, 42.599999999999994, 43.8, 45.0, 46.2, 47.4, 48.599999999999994, 49.8, 51.0, 52.2, 53.4, 54.599999999999994, 55.8, 57.0, 58.199999999999996, 59.4, 60.599999999999994, 61.8, 63.0, 64.19999999999999, 65.4, 66.6, 67.8, 69.0, 70.19999999999999, 71.4, 72.6, 73.8, 75.0, 76.19999999999999, 77.4, 78.6, 79.8, 81.0, 82.19999999999999, 83.4, 84.6, 85.8, 87.0, 88.19999999999999, 89.4, 90.6, 91.8, 93.0, 94.19999999999999, 95.4, 96.6, 97.8, 99.0, 100.19999999999999, 101.4, 102.6, 103.8, 105.0, 106.19999999999999, 107.4, 108.6, 109.8, 111.0, 112.19999999999999, 113.4, 114.6, 115.79999999999998, 117.0, 118.19999999999999, 119.4]
Y_data_bin_cnts:
[0.0, 0.0, 0.0, 0.0, 0.0, 0.0, 0.0, 0.0, 0.0, 0.0, 0.0, 0.0, 0.0, 0.0, 0.0, 2.0, 2.0, 26.0, 1877.0, 93470.0, 122149.0078125, 130184.9921875, 139392.0, 148542.0, 157370.0, 166200.0, 175733.0, 185306.0, 194236.0, 202199.0, 209770.0, 210468.015625, 200967.0, 173994.0, 135804.0, 100635.9921875, 75854.0, 58474.00390625, 45997.0, 37262.0, 30356.0, 24932.998046875, 20658.0, 17367.0, 14853.0, 12565.0, 10682.0, 9134.0, 8082.00048828125, 7030.0, 6114.0, 5301.0, 4651.0, 4168.0, 3705.0, 3289.0, 2962.0, 2612.0, 2332.0, 2129.0, 1953.0001220703125, 1792.9998779296875, 1574.0, 1392.0, 1286.0, 1180.0, 1045.0, 956.0, 890.0000610351562, 814.0, 778.0, 693.0, 593.0, 622.0, 528.0, 518.0, 506.0, 451.0000305175781, 404.0, 370.0, 326.0, 337.0, 295.0, 261.0, 247.00001525878906, 226.0, 231.99998474121094, 211.99998474121094, 205.0, 173.0, 155.0, 146.0, 134.0, 133.0, 132.0, 104.0, 114.0, 115.0, 100.0, 85.0]
Y_model_bin_cnts (using the first chi-square root):
[0.0, 0.0, 0.0, 0.0, 0.0, 0.0, 0.0, 0.0, 0.0, 0.0, 0.0, 0.0, 0.0, 0.0, 0.0, 1.9986151456832886, 1.9986151456832886, 25.981990814208984, 1875.6693115234375, 93866.4296875, 122311.9296875, 130330.6328125, 139523.609375, 148663.40625, 157483.875, 166307.890625, 175835.671875, 185404.390625, 194331.03125, 202291.46875, 209860.3125, 210558.125, 201059.84375, 174097.546875, 135940.515625, 100912.53125, 74974.40625, 58325.9453125, 45922.6484375, 37213.9453125, 30322.24609375, 24907.984375, 20638.75390625, 17351.6640625, 14840.38671875, 12554.689453125, 10673.4716796875, 9126.865234375, 8075.77880859375, 7024.66650390625, 6109.41845703125, 5297.07080078125, 4647.58203125, 4164.95654296875, 3702.310791015625, 3286.62548828125, 2959.87060546875, 2610.130859375, 2330.337158203125, 2127.48583984375, 1951.6141357421875, 1791.730224609375, 1572.888427734375, 1391.0191650390625, 1285.0950927734375, 1179.1707763671875, 1044.2669677734375, 955.330078125, 889.3768920898438, 813.4306030273438, 777.4560546875, 692.5159912109375, 592.5863647460938, 621.5659790039062, 527.6320190429688, 517.6390380859375, 505.6474304199219, 450.68597412109375, 403.7188415527344, 369.74261474609375, 325.7733459472656, 336.76568603515625, 294.79498291015625, 260.8186950683594, 246.8284454345703, 225.84307861328125, 231.83889770507812, 211.8528289794922, 204.85769653320312, 172.8799591064453, 154.89247131347656, 145.8987274169922, 133.9070587158203, 132.9077606201172, 131.908447265625, 103.92789459228516, 113.92095184326172, 114.92025756835938, 99.93067169189453, 84.94108581542969]
