All quantities (Number of data points used, mean expected W mass [GeV/c^2], mean hypothesis masses [GeV/c^2], mass width [GeV/c^2], chi_square value of hypothesis fit):
	99999, 80.36010913, [78.  78.5 79.  79.5 80.  80.5 81.  81.5 82. ], 2.07041274, 4.4227748580892285
Found optimal massses (chi-square roots)[GeV/c^2]:
[80.46716523]
Uncertainty [GeV/c^2]: 1.4210854715202004e-14
X_energ_vls:
[30.1, 30.299999999999997, 30.5, 30.700000000000003, 30.9, 31.1, 31.299999999999997, 31.5, 31.700000000000003, 31.9, 32.1, 32.3, 32.5, 32.7, 32.9, 33.1, 33.3, 33.5, 33.7, 33.9, 34.1, 34.3, 34.5, 34.7, 34.9, 35.1, 35.3, 35.5, 35.7, 35.9, 36.1, 36.3, 36.5, 36.7, 36.9, 37.1, 37.3, 37.5, 37.7, 37.9, 38.1, 38.3, 38.5, 38.7, 38.9, 39.1, 39.3, 39.5, 39.7, 39.9, 40.1, 40.3, 40.5, 40.7, 40.9, 41.1, 41.3, 41.5, 41.7, 41.9, 42.1, 42.3, 42.5, 42.7, 42.9, 43.1, 43.3, 43.5, 43.7, 43.9, 44.1, 44.3, 44.5, 44.7, 44.9, 45.1, 45.3, 45.5, 45.7, 45.9, 46.1, 46.300000000000004, 46.5, 46.7, 46.9, 47.1, 47.300000000000004, 47.5, 47.7, 47.9, 48.1, 48.300000000000004, 48.5, 48.7, 48.9, 49.1, 49.300000000000004, 49.5, 49.7, 49.9]
Y_data_bin_cnts:
[266.0, 281.0, 301.0, 304.0, 281.0, 321.0, 336.0, 324.0, 300.0, 328.0, 328.0, 325.0, 318.0, 337.0, 328.0, 371.0, 345.0, 331.0, 383.0, 356.0, 327.0, 345.0, 368.0, 354.0, 369.0, 369.0, 367.0, 344.0, 389.0, 342.0, 384.0, 374.0, 371.0, 385.0, 365.0, 370.0, 364.0, 348.0, 351.0, 340.0, 420.0, 408.0, 389.0, 399.0, 403.0, 398.0, 377.0, 376.0, 348.0, 319.0, 320.0, 307.0, 319.0, 305.0, 286.0, 320.0, 272.0, 260.0, 238.99998474121094, 235.00001525878906, 228.00001525878906, 215.0, 215.99998474121094, 211.0, 204.0, 180.0, 196.0, 185.0, 158.0, 154.0, 148.0, 127.0, 134.0, 128.0, 120.0, 120.0, 122.99999237060547, 100.99999237060547, 104.0, 94.0, 110.0, 105.0, 81.0, 79.0, 100.00000762939453, 86.0, 75.0, 76.0, 86.0, 83.0, 80.0, 77.0, 65.0, 70.0, 73.0, 61.000003814697266, 64.0, 56.0, 57.000003814697266, 66.0]
Y_model_bin_cnts (using the first chi-square root):
[299.7223815917969, 304.6958923339844, 280.7933349609375, 295.723876953125, 295.7192077636719, 292.7269287109375, 339.5171813964844, 293.7121276855469, 293.7066650390625, 326.5566101074219, 323.563232421875, 285.7264404296875, 322.555908203125, 274.76470947265625, 321.5487060546875, 357.3796691894531, 313.572265625, 342.4346008300781, 355.3678894042969, 363.3247985839844, 353.3634948730469, 332.4532165527344, 333.4425354003906, 307.5567626953125, 350.3484191894531, 362.2854309082031, 334.41015625, 356.2978515625, 390.1282043457031, 340.36016845703125, 353.28924560546875, 358.2573547363281, 379.1480712890625, 389.0906677246094, 355.2481689453125, 402.0091857910156, 318.4158020019531, 358.20953369140625, 388.05096435546875, 413.91119384765625, 360.1742248535156, 365.14013671875, 349.21240234375, 388.0043029785156, 354.1700439453125, 341.22845458984375, 351.1680908203125, 360.11187744140625, 314.3435974121094, 308.36676025390625, 330.2425537109375, 311.3349914550781, 298.3961181640625, 291.4256286621094, 294.401611328125, 276.4910583496094, 250.6252899169922, 231.72235107421875, 234.6991729736328, 226.7368927001953, 206.84176635742188, 175.01487731933594, 204.84080505371094, 178.98175048828125, 174.9993896484375, 156.10227966308594, 185.9249725341797, 161.06361389160156, 148.13421630859375, 159.06521606445312, 135.20126342773438, 132.21446228027344, 143.1447296142578, 138.16989135742188, 138.16531372070312, 107.34774780273438, 103.3681869506836, 105.35249328613281, 93.4224853515625, 74.53660583496094, 90.43437194824219, 97.38743591308594, 79.49703216552734, 94.39904022216797, 89.42778778076172, 76.50719451904297, 80.4784164428711, 81.46878051757812, 85.43936920166016, 85.43608856201172, 75.49860382080078, 43.70798110961914, 65.5592041015625, 63.569793701171875, 63.567134857177734, 56.61210250854492, 64.5547103881836, 72.4966049194336, 58.59061050415039, 52.629783630371094]
