All quantities (Number of data points used, mean expected W mass [GeV/c^2], mean hypothesis masses [GeV/c^2], mass width [GeV/c^2], chi_square value of hypothesis fit):
	80.379, [78.  78.5 79.  79.5 80.  80.5 81.  81.5 82. ], 2070, 54.120364976521856
Found optimal massses (chi-square roots)[GeV/c^2]:
[80.41009319]
Uncertainty [GeV/c^2]: 0.17501396541508996
X_energ_vls:
[0.6, 1.7999999999999998, 3.0, 4.199999999999999, 5.4, 6.6, 7.8, 9.0, 10.2, 11.399999999999999, 12.6, 13.799999999999999, 15.0, 16.2, 17.4, 18.6, 19.799999999999997, 21.0, 22.2, 23.4, 24.6, 25.799999999999997, 27.0, 28.199999999999996, 29.4, 30.6, 31.799999999999997, 33.0, 34.2, 35.4, 36.599999999999994, 37.8, 39.0, 40.2, 41.4, 42.599999999999994, 43.8, 45.0, 46.2, 47.4, 48.599999999999994, 49.8, 51.0, 52.2, 53.4, 54.599999999999994, 55.8, 57.0, 58.199999999999996, 59.4, 60.599999999999994, 61.8, 63.0, 64.19999999999999, 65.4, 66.6, 67.8, 69.0, 70.19999999999999, 71.4, 72.6, 73.8, 75.0, 76.19999999999999, 77.4, 78.6, 79.8, 81.0, 82.19999999999999, 83.4, 84.6, 85.8, 87.0, 88.19999999999999, 89.4, 90.6, 91.8, 93.0, 94.19999999999999, 95.4, 96.6, 97.8, 99.0, 100.19999999999999, 101.4, 102.6, 103.8, 105.0, 106.19999999999999, 107.4, 108.6, 109.8, 111.0, 112.19999999999999, 113.4, 114.6, 115.79999999999998, 117.0, 118.19999999999999, 119.4]
Y_data_bin_cnts:
[0.0, 0.0, 0.0, 0.0, 0.0, 0.0, 0.0, 0.0, 0.0, 0.0, 0.0, 0.0, 0.0, 0.0, 0.0, 2.0, 3.6272265911102295, 26.258676528930664, 1909.2371826171875, 94717.5234375, 123579.734375, 131557.46875, 140697.34375, 149736.6875, 158513.5, 167276.765625, 176704.921875, 186166.328125, 195029.984375, 202903.375, 210384.265625, 210979.0, 201375.765625, 174315.484375, 136050.1875, 100826.03125, 75995.5703125, 58593.578125, 46099.5859375, 37346.203125, 30428.56640625, 24988.36328125, 20707.33984375, 17408.12890625, 14891.4560546875, 12595.802734375, 10710.7421875, 9160.7421875, 8103.90966796875, 7048.93798828125, 6129.56201171875, 5316.7763671875, 4665.52880859375, 4178.853515625, 3715.552978515625, 3296.377197265625, 2971.7314453125, 2618.9677734375, 2337.3515625, 2133.9248046875, 1957.1368408203125, 1797.88916015625, 1578.3216552734375, 1395.7030029296875, 1288.8375244140625, 1182.5947265625, 1047.10009765625, 958.9275512695312, 893.0130615234375, 816.1376342773438, 781.888427734375, 695.38720703125, 595.0723876953125, 623.3321533203125, 529.3878784179688, 519.54248046875, 508.03692626953125, 451.80743408203125, 404.7695007324219, 370.6869812011719, 327.1544494628906, 337.30108642578125, 295.90057373046875, 261.8498229980469, 247.47396850585938, 226.52906799316406, 232.7014617919922, 212.24635314941406, 205.2296600341797, 173.4337158203125, 155.41769409179688, 146.3791046142578, 134.82289123535156, 133.5661163330078, 133.00962829589844, 104.36597442626953, 114.15129089355469, 115.24730682373047, 100.72694396972656, 85.01920318603516]
Y_model_bin_cnts (using the first chi-square root):
[0.0, 0.0, 0.0, 0.0, 0.0, 0.0, 0.0, 0.0, 0.0, 0.0, 0.0, 0.0, 0.0, 0.0, 0.0, 1.9984537363052368, 3.624422311782837, 26.238370895385742, 1907.725341796875, 95127.5078125, 123757.7109375, 131717.40625, 140842.46875, 149871.0, 158639.71875, 167396.515625, 176819.046875, 186275.796875, 195135.796875, 203006.390625, 210484.9375, 211079.484375, 201479.3125, 174430.921875, 136202.234375, 101132.6015625, 74984.390625, 58427.0546875, 46016.14453125, 37292.32421875, 30390.736328125, 24960.34375, 20685.783203125, 17390.955078125, 14877.3291015625, 12584.2578125, 10701.1904296875, 9152.75, 8096.943359375, 7042.96533203125, 6124.4326171875, 5312.375, 4661.69970703125, 4175.44580078125, 3712.54150390625, 3293.719970703125, 2969.345947265625, 2616.875, 2335.490478515625, 2132.230224609375, 1955.5860595703125, 1796.4674072265625, 1577.0770263671875, 1394.60498046875, 1287.824951171875, 1181.6668701171875, 1046.2799072265625, 958.1771850585938, 892.31494140625, 815.5001831054688, 781.2780151367188, 694.8449096679688, 594.60888671875, 622.8464965820312, 528.9758911132812, 519.1382446289062, 507.6416320800781, 451.4561767578125, 404.4549865722656, 370.3990783691406, 326.9005126953125, 337.0392150878906, 295.67095947265625, 261.646728515625, 247.28204345703125, 226.35345458984375, 232.52105712890625, 212.0818328857422, 205.07058715820312, 173.29934692382812, 155.2973175048828, 146.26573181152344, 134.71849060058594, 133.4626922607422, 132.90663146972656, 104.2851791381836, 114.06292724609375, 115.1580810546875, 100.64898681640625, 84.95340728759766]
