All quantities (Number of data points used, mean expected W mass [GeV/c^2], mean hypothesis masses [GeV/c^2], mass width [GeV/c^2], chi_square value of hypothesis fit):
	99999, 80.36010913, [78. 79. 80. 81. 82.], 2.07041274, 4.4227748580892285
Found optimal massses (chi-square roots)[GeV/c^2]:
[80.46868946]
Uncertainty [GeV/c^2]: 2.842170943040401e-14
X_energ_vls:
[30.1, 30.299999999999997, 30.5, 30.700000000000003, 30.9, 31.1, 31.299999999999997, 31.5, 31.700000000000003, 31.9, 32.1, 32.3, 32.5, 32.7, 32.9, 33.1, 33.3, 33.5, 33.7, 33.9, 34.1, 34.3, 34.5, 34.7, 34.9, 35.1, 35.3, 35.5, 35.7, 35.9, 36.1, 36.3, 36.5, 36.7, 36.9, 37.1, 37.3, 37.5, 37.7, 37.9, 38.1, 38.3, 38.5, 38.7, 38.9, 39.1, 39.3, 39.5, 39.7, 39.9, 40.1, 40.3, 40.5, 40.7, 40.9, 41.1, 41.3, 41.5, 41.7, 41.9, 42.1, 42.3, 42.5, 42.7, 42.9, 43.1, 43.3, 43.5, 43.7, 43.9, 44.1, 44.3, 44.5, 44.7, 44.9, 45.1, 45.3, 45.5, 45.7, 45.9, 46.1, 46.300000000000004, 46.5, 46.7, 46.9, 47.1, 47.300000000000004, 47.5, 47.7, 47.9, 48.1, 48.300000000000004, 48.5, 48.7, 48.9, 49.1, 49.300000000000004, 49.5, 49.7, 49.9]
Y_data_bin_cnts:
[266.0, 281.0, 301.0, 304.0, 281.0, 321.0, 336.0, 324.0, 300.0, 328.0, 328.0, 325.0, 318.0, 337.0, 328.0, 371.0, 345.0, 331.0, 383.0, 356.0, 327.0, 345.0, 368.0, 354.0, 369.0, 369.0, 367.0, 344.0, 389.0, 342.0, 384.0, 374.0, 371.0, 385.0, 365.0, 370.0, 364.0, 348.0, 351.0, 340.0, 420.0, 408.0, 389.0, 399.0, 403.0, 398.0, 377.0, 376.0, 348.0, 319.0, 320.0, 307.0, 319.0, 305.0, 286.0, 320.0, 272.0, 260.0, 238.99998474121094, 235.00001525878906, 228.00001525878906, 215.0, 215.99998474121094, 211.0, 204.0, 180.0, 196.0, 185.0, 158.0, 154.0, 148.0, 127.0, 134.0, 128.0, 120.0, 120.0, 122.99999237060547, 100.99999237060547, 104.0, 94.0, 110.0, 105.0, 81.0, 79.0, 100.00000762939453, 86.0, 75.0, 76.0, 86.0, 83.0, 80.0, 77.0, 65.0, 70.0, 73.0, 61.000003814697266, 64.0, 56.0, 57.000003814697266, 66.0]
Y_model_bin_cnts (using the first chi-square root):
[299.7042541503906, 304.6773376464844, 280.7762451171875, 295.70574951171875, 295.70098876953125, 292.7088928222656, 339.49615478515625, 293.69390869140625, 293.6883850097656, 326.5359802246094, 323.54302978515625, 285.7081604003906, 322.5356140136719, 274.7472229003906, 321.5281066894531, 357.35693359375, 313.5517883300781, 342.412353515625, 355.3449401855469, 363.3003845214844, 353.34063720703125, 332.4313659667969, 333.4198303222656, 307.5364074707031, 350.3253173828125, 362.2608642578125, 334.3877258300781, 356.2740783691406, 390.1012878417969, 340.3367919921875, 353.2654113769531, 358.2327575683594, 379.1212463378906, 389.06365966796875, 355.2237548828125, 401.9804992675781, 318.3929443359375, 358.1841735839844, 388.0238342285156, 413.8813171386719, 360.1475524902344, 365.11376953125, 349.1873779296875, 387.9765930175781, 354.14361572265625, 341.20294189453125, 351.1416015625, 360.0852355957031, 314.3203430175781, 308.3437194824219, 330.2174377441406, 311.3110656738281, 298.373291015625, 291.4032287597656, 294.379150390625, 276.4696960449219, 250.6059112548828, 231.7042999267578, 234.68064880371094, 226.718994140625, 206.82537841796875, 175.00091552734375, 204.8243865966797, 178.9673309326172, 174.9851531982422, 156.08949279785156, 185.90982055664062, 161.05032348632812, 148.12200927734375, 159.05197143554688, 135.18995666503906, 132.20330810546875, 143.13258361816406, 138.15814208984375, 138.15345764160156, 107.3384780883789, 103.35922241210938, 105.34333038330078, 93.4142837524414, 74.5300521850586, 90.42639923095703, 97.3787612915039, 79.48988342285156, 94.39054107666016, 89.419677734375, 76.50020599365234, 80.47102355957031, 81.46125793457031, 85.43145751953125, 85.42808532714844, 75.4914779663086, 43.70384979248047, 65.5529556274414, 63.56369400024414, 63.560997009277344, 56.60660934448242, 64.54841613769531, 72.48945617675781, 58.584808349609375, 52.624542236328125]
