All quantities (Number of data points used, mean expected W mass [GeV/c^2], mean hypothesis masses [GeV/c^2], mass width [GeV/c^2], chi_square value of hypothesis fit):
	80.379, [78.  78.5 79.  79.5 80.  80.5 81.  81.5 82. ], 2070, 1.66036052363519
Found optimal massses (chi-square roots)[GeV/c^2]:
[81.111902]
Uncertainty [GeV/c^2]: 0.0
X_energ_vls:
[0.6, 1.7999999999999998, 3.0, 4.199999999999999, 5.4, 6.6, 7.8, 9.0, 10.2, 11.399999999999999, 12.6, 13.799999999999999, 15.0, 16.2, 17.4, 18.6, 19.799999999999997, 21.0, 22.2, 23.4, 24.6, 25.799999999999997, 27.0, 28.199999999999996, 29.4, 30.6, 31.799999999999997, 33.0, 34.2, 35.4, 36.599999999999994, 37.8, 39.0, 40.2, 41.4, 42.599999999999994, 43.8, 45.0, 46.2, 47.4, 48.599999999999994, 49.8, 51.0, 52.2, 53.4, 54.599999999999994, 55.8, 57.0, 58.199999999999996, 59.4, 60.599999999999994, 61.8, 63.0, 64.19999999999999, 65.4, 66.6, 67.8, 69.0, 70.19999999999999, 71.4, 72.6, 73.8, 75.0, 76.19999999999999, 77.4, 78.6, 79.8, 81.0, 82.19999999999999, 83.4, 84.6, 85.8, 87.0, 88.19999999999999, 89.4, 90.6, 91.8, 93.0, 94.19999999999999, 95.4, 96.6, 97.8, 99.0, 100.19999999999999, 101.4, 102.6, 103.8, 105.0, 106.19999999999999, 107.4, 108.6, 109.8, 111.0, 112.19999999999999, 113.4, 114.6, 115.79999999999998, 117.0, 118.19999999999999, 119.4]
Y_data_bin_cnts:
[0.0, 0.0, 0.0, 0.0, 0.0, 0.0, 0.0, 0.0, 0.0, 0.0, 0.0, 0.0, 0.0, 0.0, 0.0, 0.0, 0.0, 0.0, 9.1775541305542, 526.7265014648438, 659.4212646484375, 670.2781982421875, 721.2316284179688, 710.2410278320312, 697.9017944335938, 699.541015625, 708.6096801757812, 721.0978393554688, 741.461181640625, 719.168212890625, 647.0701293945312, 648.0154418945312, 574.1846313476562, 424.4632263183594, 355.417724609375, 264.8435974121094, 194.87930297851562, 174.15440368652344, 123.42887878417969, 113.54821014404297, 99.77729034423828, 73.01136779785156, 53.35138702392578, 71.44650268554688, 49.2791862487793, 51.009803771972656, 28.026634216308594, 27.119930267333984, 24.27681541442871, 29.108312606811523, 21.137189865112305, 23.120773315429688, 26.21957778930664, 26.86458969116211, 14.509917259216309, 19.5084228515625, 10.61483097076416, 9.702730178833008, 6.131746768951416, 7.1539130210876465, 9.36469554901123, 9.290584564208984, 11.457411766052246, 8.552010536193848, 5.086819648742676, 10.632268905639648, 5.185015678405762, 3.310250759124756, 6.952884674072266, 4.1780924797058105, 2.1605124473571777, 3.240140438079834, 4.271215438842773, 4.133248805999756, 3.2526426315307617, 2.1902503967285156, 3.0861306190490723, 1.0014219284057617, 1.0765730142593384, 3.1867599487304688, 0.0, 4.118042945861816, 1.0384154319763184, 1.0001643896102905, 1.0820047855377197, 1.0122246742248535, 2.182573080062866, 0.0, 0.0, 1.0704058408737183, 0.0, 1.0167871713638306, 1.0493755340576172, 0.0, 0.0, 0.0, 0.0, 1.038958191871643, 2.357518196105957, 0.0]
Y_model_bin_cnts (using the first chi-square root):
[0.0, 0.0, 0.0, 0.0, 0.0, 0.0, 0.0, 0.0, 0.0, 0.0, 0.0, 0.0, 0.0, 0.0, 0.0, 0.0, 0.0, 0.0, 9.012460708618164, 517.1907348632812, 647.463623046875, 658.1220703125, 708.1431884765625, 697.353759765625, 685.2403564453125, 686.849609375, 695.7522583007812, 708.0118408203125, 728.0022583007812, 706.1175537109375, 635.3382568359375, 636.2662963867188, 563.7836303710938, 416.7885437011719, 348.99688720703125, 260.06439208984375, 191.3656463623047, 171.0152130126953, 121.2054214477539, 111.50298309326172, 97.98040771484375, 71.69694519042969, 52.39113235473633, 70.1602783203125, 48.39227294921875, 50.09172439575195, 27.52235221862793, 26.631967544555664, 23.84002113342285, 28.58456039428711, 20.756900787353516, 22.70478630065918, 25.747819900512695, 26.381223678588867, 14.248884201049805, 19.15744400024414, 10.423879623413086, 9.528188705444336, 6.021448135375977, 7.025225639343262, 9.196235656738281, 9.123457908630371, 11.251300811767578, 8.398171424865723, 4.995318412780762, 10.441003799438477, 5.091747760772705, 3.2507076263427734, 6.827813625335693, 4.102938175201416, 2.1216506958007812, 3.181858539581299, 4.194386005401611, 4.058901309967041, 3.1941356658935547, 2.1508536338806152, 3.030618906021118, 0.9834093451499939, 1.0572086572647095, 3.1294381618499756, 0.0, 4.043968677520752, 1.0197373628616333, 0.9821743965148926, 1.0625426769256592, 0.9940177798271179, 2.1433145999908447, 0.0, 0.0, 1.0511523485183716, 0.0, 0.9984982013702393, 1.0305004119873047, 0.0, 0.0, 0.0, 0.0, 1.0202704668045044, 2.315112829208374, 0.0]
