All quantities (Number of data points used, mean expected W mass [GeV/c^2], mean hypothesis masses [GeV/c^2], mass width [GeV/c^2], chi_square value of hypothesis fit):
	99999, 80.36010913, [71. 73. 75. 77. 79. 81. 83. 85. 87. 89. 91.], 2.07041274, 112.07408778430181
Found optimal massses (chi-square roots)[GeV/c^2]:
[79.65868412]
Uncertainty [GeV/c^2]: 1.4210854715202004e-14
X_energ_vls:
[30.1, 30.299999999999997, 30.5, 30.700000000000003, 30.9, 31.1, 31.299999999999997, 31.5, 31.700000000000003, 31.9, 32.1, 32.3, 32.5, 32.7, 32.9, 33.1, 33.3, 33.5, 33.7, 33.9, 34.1, 34.3, 34.5, 34.7, 34.9, 35.1, 35.3, 35.5, 35.7, 35.9, 36.1, 36.3, 36.5, 36.7, 36.9, 37.1, 37.3, 37.5, 37.7, 37.9, 38.1, 38.3, 38.5, 38.7, 38.9, 39.1, 39.3, 39.5, 39.7, 39.9, 40.1, 40.3, 40.5, 40.7, 40.9, 41.1, 41.3, 41.5, 41.7, 41.9, 42.1, 42.3, 42.5, 42.7, 42.9, 43.1, 43.3, 43.5, 43.7, 43.9, 44.1, 44.3, 44.5, 44.7, 44.9, 45.1, 45.3, 45.5, 45.7, 45.9, 46.1, 46.300000000000004, 46.5, 46.7, 46.9, 47.1, 47.300000000000004, 47.5, 47.7, 47.9, 48.1, 48.300000000000004, 48.5, 48.7, 48.9, 49.1, 49.300000000000004, 49.5, 49.7, 49.9]
Y_data_bin_cnts:
[266.0, 281.0, 301.0, 304.0, 281.0, 321.0, 336.0, 324.0, 300.0, 328.0, 328.0, 325.0, 318.0, 337.0, 328.0, 371.0, 345.0, 331.0, 383.0, 356.0, 327.0, 345.0, 368.0, 354.0, 369.0, 369.0, 367.0, 344.0, 389.0, 342.0, 384.0, 374.0, 371.0, 385.0, 365.0, 370.0, 364.0, 348.0, 351.0, 340.0, 420.0, 408.0, 389.0, 399.0, 403.0, 398.0, 377.0, 376.0, 348.0, 319.0, 320.0, 307.0, 319.0, 305.0, 286.0, 320.0, 272.0, 260.0, 238.99998474121094, 235.00001525878906, 228.00001525878906, 215.0, 215.99998474121094, 211.0, 204.0, 180.0, 196.0, 185.0, 158.0, 154.0, 148.0, 127.0, 134.0, 128.0, 120.0, 120.0, 122.99999237060547, 100.99999237060547, 104.0, 94.0, 110.0, 105.0, 81.0, 79.0, 100.00000762939453, 86.0, 75.0, 76.0, 86.0, 83.0, 80.0, 77.0, 65.0, 70.0, 73.0, 61.000003814697266, 64.0, 56.0, 57.000003814697266, 66.0]
Y_model_bin_cnts (using the first chi-square root):
[309.5772399902344, 314.7543640136719, 290.1025390625, 305.56793212890625, 305.6031799316406, 302.549560546875, 350.958740234375, 303.65155029296875, 303.68817138671875, 337.7013244628906, 334.65277099609375, 295.5600891113281, 333.7066955566406, 284.302734375, 332.758544921875, 369.8915710449219, 324.5993957519531, 354.5294189453125, 367.9746398925781, 376.27056884765625, 366.00927734375, 344.40533447265625, 345.48236083984375, 318.7122802734375, 363.1133728027344, 375.54296875, 346.7035217285156, 369.4580078125, 404.60369873046875, 353.0453796386719, 366.52099609375, 371.73638916015625, 393.47802734375, 403.865966796875, 368.80267333984375, 417.4181213378906, 330.6800231933594, 372.070068359375, 403.1391296386719, 430.084716796875, 374.3151550292969, 379.545654296875, 363.0576477050781, 403.4626770019531, 368.3499755859375, 354.9579772949219, 365.36773681640625, 374.7461853027344, 327.1826477050781, 321.02789306640625, 343.8701171875, 324.2481994628906, 310.83587646484375, 303.6380615234375, 306.8021240234375, 288.19915771484375, 261.2934265136719, 241.63853454589844, 244.79656982421875, 236.54286193847656, 215.834716796875, 182.66539001464844, 213.84402465820312, 186.8918914794922, 182.77357482910156, 163.07826232910156, 194.2794647216797, 168.34219360351562, 154.86483764648438, 166.33349609375, 141.41265869140625, 138.32456970214844, 149.7982177734375, 144.62838745117188, 144.66070556640625, 112.42439270019531, 108.2866439819336, 110.39401245117188, 97.91989135742188, 78.14571380615234, 94.840576171875, 102.16032409667969, 83.41680145263672, 99.08321380615234, 93.88861083984375, 80.34976196289062, 84.5462875366211, 85.61257934570312, 89.8134536743164, 89.83679962158203, 79.41219329833984, 45.987735748291016, 69.00125122070312, 66.92990112304688, 66.94871520996094, 59.643001556396484, 68.03475952148438, 76.4317626953125, 61.79167175292969, 55.52521514892578]
