All quantities (Number of data points used, mean expected W mass [GeV/c^2], mean hypothesis masses [GeV/c^2], mass width [GeV/c^2], chi_square value of hypothesis fit):
	99999, 80.36010913, [75. 76. 77. 78. 79. 80. 81. 82. 83. 84. 85.], 2.07041274, 24.799391035191867
Found optimal massses (chi-square roots)[GeV/c^2]:
[80.34443039]
Uncertainty [GeV/c^2]: 2.842170943040401e-14
X_energ_vls:
[30.1, 30.299999999999997, 30.5, 30.700000000000003, 30.9, 31.1, 31.299999999999997, 31.5, 31.700000000000003, 31.9, 32.1, 32.3, 32.5, 32.7, 32.9, 33.1, 33.3, 33.5, 33.7, 33.9, 34.1, 34.3, 34.5, 34.7, 34.9, 35.1, 35.3, 35.5, 35.7, 35.9, 36.1, 36.3, 36.5, 36.7, 36.9, 37.1, 37.3, 37.5, 37.7, 37.9, 38.1, 38.3, 38.5, 38.7, 38.9, 39.1, 39.3, 39.5, 39.7, 39.9, 40.1, 40.3, 40.5, 40.7, 40.9, 41.1, 41.3, 41.5, 41.7, 41.9, 42.1, 42.3, 42.5, 42.7, 42.9, 43.1, 43.3, 43.5, 43.7, 43.9, 44.1, 44.3, 44.5, 44.7, 44.9, 45.1, 45.3, 45.5, 45.7, 45.9, 46.1, 46.300000000000004, 46.5, 46.7, 46.9, 47.1, 47.300000000000004, 47.5, 47.7, 47.9, 48.1, 48.300000000000004, 48.5, 48.7, 48.9, 49.1, 49.300000000000004, 49.5, 49.7, 49.9]
Y_data_bin_cnts:
[266.0, 281.0, 301.0, 304.0, 281.0, 321.0, 336.0, 324.0, 300.0, 328.0, 328.0, 325.0, 318.0, 337.0, 328.0, 371.0, 345.0, 331.0, 383.0, 356.0, 327.0, 345.0, 368.0, 354.0, 369.0, 369.0, 367.0, 344.0, 389.0, 342.0, 384.0, 374.0, 371.0, 385.0, 365.0, 370.0, 364.0, 348.0, 351.0, 340.0, 420.0, 408.0, 389.0, 399.0, 403.0, 398.0, 377.0, 376.0, 348.0, 319.0, 320.0, 307.0, 319.0, 305.0, 286.0, 320.0, 272.0, 260.0, 238.99998474121094, 235.00001525878906, 228.00001525878906, 215.0, 215.99998474121094, 211.0, 204.0, 180.0, 196.0, 185.0, 158.0, 154.0, 148.0, 127.0, 134.0, 128.0, 120.0, 120.0, 122.99999237060547, 100.99999237060547, 104.0, 94.0, 110.0, 105.0, 81.0, 79.0, 100.00000762939453, 86.0, 75.0, 76.0, 86.0, 83.0, 80.0, 77.0, 65.0, 70.0, 73.0, 61.000003814697266, 64.0, 56.0, 57.000003814697266, 66.0]
Y_model_bin_cnts (using the first chi-square root):
[301.1875305175781, 306.1918640136719, 282.17724609375, 297.1872863769531, 297.18902587890625, 294.18780517578125, 341.2184143066406, 295.1891174316406, 295.1894836425781, 328.2110900878906, 325.21124267578125, 287.1874084472656, 324.2119140625, 276.1815185546875, 323.213623046875, 359.2388610839844, 315.210693359375, 344.2308044433594, 357.2397155761719, 365.24554443359375, 355.2394104003906, 334.227294921875, 335.228515625, 309.2121887207031, 352.24346923828125, 364.25250244140625, 336.2349548339844, 358.2510070800781, 392.275146484375, 342.2404479980469, 355.25048828125, 360.2557373046875, 381.27117919921875, 391.2818908691406, 357.2581787109375, 404.2940673828125, 320.23382568359375, 360.26361083984375, 390.285888671875, 416.30560302734375, 362.2681579589844, 367.27252197265625, 351.2635192871094, 390.2944030761719, 356.2702941894531, 343.2613525390625, 353.2693176269531, 362.2767639160156, 316.24334716796875, 310.24005126953125, 332.2588195800781, 313.2450866699219, 300.23651123046875, 293.23211669921875, 296.2349548339844, 278.2213439941406, 252.2027130126953, 233.18829345703125, 236.19105529785156, 228.1856689453125, 208.17076110839844, 176.14500427246094, 206.17030334472656, 180.1499786376953, 176.1474609375, 157.13198852539062, 187.15806579589844, 162.13795471191406, 149.12738037109375, 160.13746643066406, 136.1175994873047, 133.11563110351562, 144.12586975097656, 139.12217712402344, 139.12295532226562, 108.09602355957031, 104.09296417236328, 106.09536743164062, 94.0850601196289, 75.06822204589844, 91.08329772949219, 98.0902099609375, 80.07405090332031, 95.08848571777344, 90.08426666259766, 77.07257080078125, 81.07679748535156, 82.07823181152344, 86.08257293701172, 86.08307647705078, 76.0738296508789, 44.04301452636719, 66.06492614746094, 64.06336212158203, 64.06377410888672, 57.0571403503418, 65.06560516357422, 73.07414245605469, 59.06031036376953, 53.0545539855957]
