All quantities (Number of data points used, mean expected W mass [GeV/c^2], mean hypothesis masses [GeV/c^2], mass width [GeV/c^2], chi_square value of hypothesis fit):
	99999, 80.36010913, [71.         72.42857143 73.85714286 75.28571429 76.71428571 78.14285714
 79.57142857 81.         82.42857143 83.85714286 85.28571429 86.71428571
 88.14285714 89.57142857 91.        ], 2.07041274, 112.07408778430181
Found optimal massses (chi-square roots)[GeV/c^2]:
[79.70970257]
Uncertainty [GeV/c^2]: 0.0
X_energ_vls:
[30.1, 30.299999999999997, 30.5, 30.700000000000003, 30.9, 31.1, 31.299999999999997, 31.5, 31.700000000000003, 31.9, 32.1, 32.3, 32.5, 32.7, 32.9, 33.1, 33.3, 33.5, 33.7, 33.9, 34.1, 34.3, 34.5, 34.7, 34.9, 35.1, 35.3, 35.5, 35.7, 35.9, 36.1, 36.3, 36.5, 36.7, 36.9, 37.1, 37.3, 37.5, 37.7, 37.9, 38.1, 38.3, 38.5, 38.7, 38.9, 39.1, 39.3, 39.5, 39.7, 39.9, 40.1, 40.3, 40.5, 40.7, 40.9, 41.1, 41.3, 41.5, 41.7, 41.9, 42.1, 42.3, 42.5, 42.7, 42.9, 43.1, 43.3, 43.5, 43.7, 43.9, 44.1, 44.3, 44.5, 44.7, 44.9, 45.1, 45.3, 45.5, 45.7, 45.9, 46.1, 46.300000000000004, 46.5, 46.7, 46.9, 47.1, 47.300000000000004, 47.5, 47.7, 47.9, 48.1, 48.300000000000004, 48.5, 48.7, 48.9, 49.1, 49.300000000000004, 49.5, 49.7, 49.9]
Y_data_bin_cnts:
[266.0, 281.0, 301.0, 304.0, 281.0, 321.0, 336.0, 324.0, 300.0, 328.0, 328.0, 325.0, 318.0, 337.0, 328.0, 371.0, 345.0, 331.0, 383.0, 356.0, 327.0, 345.0, 368.0, 354.0, 369.0, 369.0, 367.0, 344.0, 389.0, 342.0, 384.0, 374.0, 371.0, 385.0, 365.0, 370.0, 364.0, 348.0, 351.0, 340.0, 420.0, 408.0, 389.0, 399.0, 403.0, 398.0, 377.0, 376.0, 348.0, 319.0, 320.0, 307.0, 319.0, 305.0, 286.0, 320.0, 272.0, 260.0, 238.99998474121094, 235.00001525878906, 228.00001525878906, 215.0, 215.99998474121094, 211.0, 204.0, 180.0, 196.0, 185.0, 158.0, 154.0, 148.0, 127.0, 134.0, 128.0, 120.0, 120.0, 122.99999237060547, 100.99999237060547, 104.0, 94.0, 110.0, 105.0, 81.0, 79.0, 100.00000762939453, 86.0, 75.0, 76.0, 86.0, 83.0, 80.0, 77.0, 65.0, 70.0, 73.0, 61.000003814697266, 64.0, 56.0, 57.000003814697266, 66.0]
Y_model_bin_cnts (using the first chi-square root):
[308.94091796875, 314.1051330566406, 289.5015563964844, 304.93231201171875, 304.96478271484375, 301.9153137207031, 350.2197265625, 303.0093688964844, 303.043212890625, 336.9814453125, 333.9362487792969, 294.92462158203125, 332.9858703613281, 283.6863098144531, 332.03411865234375, 369.0829772949219, 323.8865051269531, 353.74737548828125, 367.1595153808594, 375.4332275390625, 365.19146728515625, 343.6320495605469, 344.7033996582031, 317.9905090332031, 362.2873840332031, 374.6850280761719, 345.90777587890625, 368.606201171875, 403.66668701171875, 352.22430419921875, 365.6641845703125, 370.86376953125, 392.5500793457031, 402.90899658203125, 367.9249267578125, 416.4198303222656, 329.8854064941406, 371.1719665527344, 402.1611328125, 429.03662109375, 373.39849853515625, 378.6116027832031, 362.1599426269531, 402.46014404296875, 367.4303283691406, 354.0673828125, 364.44647216796875, 373.79638671875, 326.34954833984375, 320.20599365234375, 342.98553466796875, 323.40972900390625, 310.0279541015625, 302.84490966796875, 305.9967346191406, 287.4385986328125, 260.6003723144531, 240.99415588378906, 244.140380859375, 235.90541076660156, 215.25010681152344, 182.1677703857422, 213.2584991455078, 186.3773956298828, 182.26783752441406, 162.6243438720703, 193.73580932617188, 167.86843872070312, 154.42669677734375, 165.8603515625, 141.00820922851562, 137.9265899658203, 149.3647918701172, 144.20765686035156, 144.23739624023438, 112.09347534179688, 107.96600341796875, 110.06524658203125, 97.62657928466797, 77.91030883789062, 94.55311584472656, 101.84888458251953, 83.16095733642578, 98.77745056152344, 93.59737396240234, 80.09884643554688, 84.28057098388672, 85.34181213378906, 89.52759552001953, 89.5491714477539, 79.15633392333984, 45.838653564453125, 68.77613067626953, 66.71006774902344, 66.72743225097656, 59.44461441040039, 67.8069076538086, 76.174072265625, 61.58201599121094, 55.33551788330078]
