All quantities (Number of data points used, mean expected W mass [GeV/c^2], mean hypothesis masses [GeV/c^2], mass width [GeV/c^2], chi_square value of hypothesis fit):
	99999, 80.36010913, [ 31.  36.  41.  46.  51.  56.  61.  66.  71.  76.  81.  86.  91.  96.
 101. 106. 111. 116. 121. 126. 131.], 2.07041274, 329.3000645043136
Found optimal massses (chi-square roots)[GeV/c^2]:
[74.22745589]
Uncertainty [GeV/c^2]: 1.4210854715202004e-14
X_energ_vls:
[30.1, 30.299999999999997, 30.5, 30.700000000000003, 30.9, 31.1, 31.299999999999997, 31.5, 31.700000000000003, 31.9, 32.1, 32.3, 32.5, 32.7, 32.9, 33.1, 33.3, 33.5, 33.7, 33.9, 34.1, 34.3, 34.5, 34.7, 34.9, 35.1, 35.3, 35.5, 35.7, 35.9, 36.1, 36.3, 36.5, 36.7, 36.9, 37.1, 37.3, 37.5, 37.7, 37.9, 38.1, 38.3, 38.5, 38.7, 38.9, 39.1, 39.3, 39.5, 39.7, 39.9, 40.1, 40.3, 40.5, 40.7, 40.9, 41.1, 41.3, 41.5, 41.7, 41.9, 42.1, 42.3, 42.5, 42.7, 42.9, 43.1, 43.3, 43.5, 43.7, 43.9, 44.1, 44.3, 44.5, 44.7, 44.9, 45.1, 45.3, 45.5, 45.7, 45.9, 46.1, 46.300000000000004, 46.5, 46.7, 46.9, 47.1, 47.300000000000004, 47.5, 47.7, 47.9, 48.1, 48.300000000000004, 48.5, 48.7, 48.9, 49.1, 49.300000000000004, 49.5, 49.7, 49.9]
Y_data_bin_cnts:
[266.0, 281.0, 301.0, 304.0, 281.0, 321.0, 336.0, 324.0, 300.0, 328.0, 328.0, 325.0, 318.0, 337.0, 328.0, 371.0, 345.0, 331.0, 383.0, 356.0, 327.0, 345.0, 368.0, 354.0, 369.0, 369.0, 367.0, 344.0, 389.0, 342.0, 384.0, 374.0, 371.0, 385.0, 365.0, 370.0, 364.0, 348.0, 351.0, 340.0, 420.0, 408.0, 389.0, 399.0, 403.0, 398.0, 377.0, 376.0, 348.0, 319.0, 320.0, 307.0, 319.0, 305.0, 286.0, 320.0, 272.0, 260.0, 238.99998474121094, 235.00001525878906, 228.00001525878906, 215.0, 215.99998474121094, 211.0, 204.0, 180.0, 196.0, 185.0, 158.0, 154.0, 148.0, 127.0, 134.0, 128.0, 120.0, 120.0, 122.99999237060547, 100.99999237060547, 104.0, 94.0, 110.0, 105.0, 81.0, 79.0, 100.00000762939453, 86.0, 75.0, 76.0, 86.0, 83.0, 80.0, 77.0, 65.0, 70.0, 73.0, 61.000003814697266, 64.0, 56.0, 57.000003814697266, 66.0]
Y_model_bin_cnts (using the first chi-square root):
[390.43194580078125, 397.3463439941406, 366.614990234375, 386.542236328125, 386.98065185546875, 383.48834228515625, 445.3231506347656, 385.7024230957031, 386.1604309082031, 429.8782043457031, 426.4498291015625, 377.0412292480469, 426.18865966796875, 363.4818420410156, 425.9101867675781, 473.9556579589844, 416.4084777832031, 455.3326416015625, 473.1424255371094, 484.38165283203125, 471.7203674316406, 444.41680908203125, 446.33917236328125, 412.2561950683594, 470.2613220214844, 486.94781494140625, 450.11724853515625, 480.282958984375, 526.6438598632812, 460.11114501953125, 478.3233947753906, 485.7558898925781, 514.8380126953125, 529.139404296875, 483.8573913574219, 548.3690795898438, 435.0315856933594, 490.13995361328125, 531.8197631835938, 568.2001953125, 495.2206115722656, 502.8659362792969, 481.7293395996094, 536.1278076171875, 490.2065734863281, 473.09930419921875, 487.7143859863281, 500.9985046386719, 438.09771728515625, 430.5578918457031, 461.92572021484375, 436.27130126953125, 418.90087890625, 409.880859375, 414.83489990234375, 390.3509521484375, 354.5069274902344, 328.4109802246094, 333.29022216796875, 322.6092834472656, 294.8851318359375, 250.0205078125, 293.2348327636719, 256.7570495605469, 251.54115295410156, 224.8945770263672, 268.43194580078125, 233.05601501464844, 214.8047332763672, 231.17324829101562, 196.91551208496094, 193.02130126953125, 209.4660186767578, 202.6498260498047, 203.11817932128906, 158.19900512695312, 152.72195434570312, 156.02374267578125, 138.7039337158203, 110.93595886230469, 134.9541473388672, 145.69677734375, 119.24333953857422, 141.9871826171875, 134.81898498535156, 115.68959045410156, 122.0398178100586, 123.88780975341797, 130.30694580078125, 130.66448974609375, 115.80168151855469, 67.23197937011719, 101.1522445678711, 98.3914794921875, 98.6852798461914, 88.15471649169922, 100.85478973388672, 113.63916015625, 92.13197326660156, 83.04061889648438]
