All quantities (Number of data points used, mean expected W mass [GeV/c^2], mean hypothesis masses [GeV/c^2], mass width [GeV/c^2], chi_square value of hypothesis fit):
	80.379, [78.  78.5 79.  79.5 80.  80.5 81.  81.5 82. ], 2070, 11.928241497862004
Found optimal massses (chi-square roots)[GeV/c^2]:
[80.42768906]
Uncertainty [GeV/c^2]: 1.4210854715202004e-14
X_energ_vls:
[0.6, 1.7999999999999998, 3.0, 4.199999999999999, 5.4, 6.6, 7.8, 9.0, 10.2, 11.399999999999999, 12.6, 13.799999999999999, 15.0, 16.2, 17.4, 18.6, 19.799999999999997, 21.0, 22.2, 23.4, 24.6, 25.799999999999997, 27.0, 28.199999999999996, 29.4, 30.6, 31.799999999999997, 33.0, 34.2, 35.4, 36.599999999999994, 37.8, 39.0, 40.2, 41.4, 42.599999999999994, 43.8, 45.0, 46.2, 47.4, 48.599999999999994, 49.8, 51.0, 52.2, 53.4, 54.599999999999994, 55.8, 57.0, 58.199999999999996, 59.4, 60.599999999999994, 61.8, 63.0, 64.19999999999999, 65.4, 66.6, 67.8, 69.0, 70.19999999999999, 71.4, 72.6, 73.8, 75.0, 76.19999999999999, 77.4, 78.6, 79.8, 81.0, 82.19999999999999, 83.4, 84.6, 85.8, 87.0, 88.19999999999999, 89.4, 90.6, 91.8, 93.0, 94.19999999999999, 95.4, 96.6, 97.8, 99.0, 100.19999999999999, 101.4, 102.6, 103.8, 105.0, 106.19999999999999, 107.4, 108.6, 109.8, 111.0, 112.19999999999999, 113.4, 114.6, 115.79999999999998, 117.0, 118.19999999999999, 119.4]
Y_data_bin_cnts:
[0.0, 0.0, 0.0, 0.0, 0.0, 0.0, 0.0, 0.0, 0.0, 0.0, 0.0, 0.0, 0.0, 0.0, 0.0, 0.0, 1.0, 4.0, 380.0, 18697.0, 24357.0, 26241.0, 28211.001953125, 30345.001953125, 32615.0, 34482.0, 36546.0, 38193.0, 40391.0, 41249.0, 42924.0, 43306.0, 40312.0, 34673.0, 27104.0, 20329.0, 15304.0, 12006.0, 9561.0, 7798.0, 6345.99951171875, 5180.0, 4474.0, 3765.0, 3178.0, 2706.0, 2314.0, 2052.0, 1798.0, 1611.0001220703125, 1392.0, 1257.0, 1076.0, 933.0, 893.0, 751.0, 697.0, 617.0, 531.0, 468.9999694824219, 465.0, 425.0, 382.0, 329.0, 315.0, 286.0, 265.0, 237.0, 204.99998474121094, 181.0, 212.0, 156.0, 149.0, 159.0, 132.0, 117.0, 122.0, 109.0, 94.00000762939453, 76.0, 91.0, 91.0, 85.99999237060547, 58.0, 62.0, 66.0, 51.0, 46.0, 49.000003814697266, 47.000003814697266, 35.0, 42.0, 34.0, 35.0, 27.0, 32.0, 31.0, 30.0, 33.0, 16.0]
Y_model_bin_cnts (using the first chi-square root):
[0.0, 0.0, 0.0, 0.0, 0.0, 0.0, 0.0, 0.0, 0.0, 0.0, 0.0, 0.0, 0.0, 0.0, 0.0, 0.0, 0.9987897872924805, 3.9951589107513428, 379.5379333496094, 18667.525390625, 24314.732421875, 26193.880859375, 28158.435546875, 30286.052734375, 32548.638671875, 34408.9921875, 36464.9921875, 38105.04296875, 40292.88671875, 41146.609375, 42812.70703125, 43192.5625, 40214.26953125, 34599.28515625, 27054.544921875, 20296.083984375, 15281.130859375, 11988.9228515625, 9547.869140625, 7787.55029296875, 6337.66259765625, 5173.2998046875, 4468.26708984375, 3760.219970703125, 3173.995849609375, 2702.611328125, 2311.11669921875, 2049.45166015625, 1795.7744140625, 1609.0106201171875, 1390.2857666015625, 1255.4547119140625, 1074.68017578125, 931.857666015625, 891.9071655273438, 750.0825805664062, 696.1491088867188, 616.24755859375, 530.3531494140625, 468.4291076660156, 464.4339904785156, 424.4829406738281, 381.5354919433594, 328.6002197265625, 314.6172790527344, 285.65264892578125, 264.6782531738281, 236.71234130859375, 204.75128173828125, 180.78045654296875, 211.74276733398438, 155.8108367919922, 148.81935119628906, 158.8072052001953, 131.83999633789062, 116.85820007324219, 121.85213470458984, 108.86791229248047, 93.8861083984375, 75.9079360961914, 90.8897476196289, 90.8897476196289, 85.89581298828125, 57.92975997924805, 61.92491149902344, 65.92005920410156, 50.93824005126953, 45.944297790527344, 48.94066619873047, 46.94308853149414, 34.95762634277344, 41.94914627075195, 33.95883560180664, 34.95762634277344, 26.967313766479492, 31.961257934570312, 30.96246910095215, 29.963680267333984, 32.96004867553711, 15.980632781982422]
