Using 256632 values in histogram
Mean Z Mass: 91.06397353000604 [GeV]
Standard Deviation: 10.54651341885331 [GeV]
Entire Range of Energies Figure Name: rest_mass_hist_256632_all_calculated_phys_rev_1_iter.png
Selected Energy Range Figure Name: rest_mass_hist_256632_selected_range_phys_rev_1_iter.png
Data used/data calculated: 21174/256632 (8.251%)
Range selected: [70, 110] [GeV]
fig_size_x_y: (12, 7)
Iteration number: 1
Total running time: 0:00:24.885915
Test: False
n_counts==tot_mean_bin_vals?: True
Gotten n_count values:
0.018420905618250976,0.014996506496909449,0.014878423768587327,0.018420905618250976,0.016767747421741273,0.020074063814760682,0.015468837410197936,0.015114589225231572,0.01700391287838552,0.01783049197664037,0.017712409248318246,0.016531581965097034,0.017476243791674007,0.01865707107489456,0.019601732901472196,0.016649664693419153,0.021372973826304018,0.01995598108643856,0.021372973826304018,0.0185389883465731,0.017712409248318246,0.020310229271404925,0.02054639472804917,0.020428311999727045,0.022081470196236748,0.022553801109525234,0.020900642913015532,0.018893236531539463,0.019837898358116435,0.022435718381203115,0.02302613202281372,0.02515162113261191,0.024325042034357064,0.023380380207780087,0.024325042034357064,0.024679290219323427,0.02645053114415431,0.023970793849390697,0.027867523884020712,0.02645053114415525,0.024561207491001304,0.029756847537174655,0.02586011750254464,0.029048351167241925,0.028694102982275562,0.029166433895564052,0.0327089157452277,0.03400782575677104,0.035897149409924986,0.032354667560261334,0.03660564577985771,0.03365357757180468,0.03849496943301166,0.037786473063078925,0.040384293086165604,0.03684181123650195,0.04062045854280985,0.037314142149790445,0.03388974302844891,0.031528088462006484,0.03329932938683831,0.031173840277040118,0.029048351167241925,0.026686696600799493,0.02940259935220829,0.025505869317578277,0.030465343907107388,0.027749441155697604,0.033181246658516184,0.026686696600799493,0.028221772068987076,0.02704094478576586,0.028576020253953442,0.028103689340664952,0.024206959306034937,0.02586011750254464,0.026096282959188886,0.02763135842737647,0.0256239520459004,0.026686696600799493,0.02515162113261191,0.022435718381203115,0.02503353840428979,0.026332448415832196,0.02526970386093403,0.020428311999727045,0.025505869317578277,0.024443124762679184,0.019837898358116435,0.021963387467914625,0.025505869317578277,0.020428311999727045,0.019601732901472196,0.0229080492944916,0.022553801109525234,0.022553801109525234,0.022317635652880995,0.022553801109525234,0.021845304739592508,0.021018725641337655
Gotten avg_bin_vals values:
70.20226780371539,70.60222241854669,71.00217703337799,71.40213164820929,71.8020862630406,72.2020408778719,72.6019954927032,73.0019501075345,73.4019047223658,73.8018593371971,74.2018139520284,74.6017685668597,75.001723181691,75.4016777965223,75.80163241135362,76.20158702618492,76.60154164101623,77.00149625584753,77.40145087067883,77.80140548551013,78.20136010034143,78.60131471517273,79.00126933000404,79.40122394483534,79.80117855966664,80.20113317449794,80.60108778932924,81.00104240416054,81.40099701899184,81.80095163382315,82.20090624865445,82.60086086348575,83.00081547831705,83.40077009314835,83.80072470797965,84.20067932281096,84.60063393764227,85.00058855247357,85.40054316730487,85.80049778213618,86.20045239696748,86.60040701179878,87.00036162663008,87.40031624146138,87.80027085629268,88.20022547112399,88.60018008595529,89.00013470078659,89.40008931561789,89.80004393044919,90.1999985452805,90.5999531601118,90.9999077749431,91.3998623897744,91.7998170046057,92.199771619437,92.5997262342683,92.9996808490996,93.3996354639309,93.79959007876221,94.19954469359351,94.59949930842481,94.99945392325611,95.39940853808741,95.79936315291872,96.19931776775002,96.59927238258132,96.99922699741262,97.39918161224394,97.79913622707524,98.19909084190654,98.59904545673784,98.99900007156914,99.39895468640044,99.79890930123175,100.19886391606305,100.59881853089435,100.99877314572565,101.39872776055695,101.79868237538825,102.19863699021955,102.59859160505086,102.99854621988216,103.39850083471347,103.79845544954478,104.19841006437608,104.59836467920738,104.99831929403868,105.39827390886998,105.79822852370128,106.19818313853258,106.59813775336389,106.99809236819519,107.39804698302649,107.79800159785779,108.19795621268909,108.5979108275204,108.9978654423517,109.397820057183,109.7977746720143
