Using 256632 values in histogram
Mean Z Mass: 515.0685399511427 [GeV]
Standard Deviation: 464.8926474381828 [GeV]
Entire Range of Energies Figure Name: rest_mass_hist_256632_all_calculated_personal_0_iter.png
fig_size_x_y: (14, 7)
Iteration number: 0
Total running time: 0:00:24.462091
Test: False
n_counts==tot_mean_bin_vals?: True
Gotten n_count values:
0.0008286234888439717,0.001780947717272372,0.0014081308348020743,0.0013415039017981834,0.0011648445485540448,0.0010220375561229126,0.0008661011386586593,0.0007194239052662724,0.0005880806645431621,0.0004760396382344132,0.000375756305985176,0.0003136364890374311,0.00026650773201556115,0.00021810522480391115,0.0001815094020436867,0.00015191920532725304,0.00013065737523630563,0.00011248193983597967,9.455145639522654e-05,7.657198256255933e-05,6.647996182814652e-05,5.771068167542859e-05,5.0019190144832425e-05,3.919231353170023e-05,3.3999331988749857e-05,3.184375474450653e-05,2.7336638688360758e-05,2.1212839699032752e-05,1.9400195198191616e-05,1.5676925412680094e-05,1.3864280911838958e-05,1.1806684451424694e-05,1.0630915045473688e-05,8.3283666254863e-06,7.985433882083923e-06,5.682885462096533e-06,5.241971934864906e-06,4.115192920828501e-06,3.6742793935968967e-06,3.037404298706768e-06,2.4495195957312643e-06,2.890433122962892e-06,1.7146637170118852e-06,1.4697117574387587e-06,1.5676925412680093e-06,1.5676925412680093e-06,9.308174463778806e-07,8.818270544632552e-07,4.899039191462501e-07,1.9596156765850116e-07,2.4495195957312647e-07,3.9192313531700454e-07,1.4697117574387587e-07,3.429327434023731e-07,2.9394235148775175e-07,3.919231353170023e-07,9.798078382925058e-08,0.0,2.9394235148775175e-07,4.899039191462529e-08,4.899039191462529e-08,1.9596156765850116e-07,4.899039191462529e-08,1.9596156765850116e-07,0.0,4.899039191462529e-08,0.0,4.899039191462529e-08,4.899039191462529e-08,9.798078382925058e-08,9.798078382925058e-08,4.899039191462529e-08,0.0,9.798078382925058e-08,0.0,4.899039191462529e-08,4.899039191462529e-08,0.0,0.0,0.0,0.0,0.0,1.4697117574387587e-07,0.0,4.899039191462529e-08,4.899039191462529e-08,0.0,4.899039191462529e-08,0.0,0.0,0.0,0.0,0.0,0.0,0.0,0.0,0.0,0.0,0.0,4.899039191462529e-08
Gotten avg_bin_vals values:
43.72091892178778,123.25958031887643,202.7982417159651,282.3369031130537,361.87556451014245,441.41422590723107,520.9528873043198,600.4915487014084,680.030210098497,759.5688714955857,839.1075328926744,918.646194289763,998.1848556868517,1077.7235170839404,1157.2621784810292,1236.8008398781178,1316.3395012752064,1395.878162672295,1475.416824069384,1554.9554854664725,1634.4941468635611,1714.0328082606497,1793.5714696577384,1873.110131054827,1952.6487924519156,2032.1874538490042,2111.7261152460933,2191.264776643182,2270.8034380402705,2350.342099437359,2429.8807608344478,2509.4194222315364,2588.958083628625,2668.4967450257136,2748.035406422802,2827.574067819891,2907.1127292169795,2986.651390614068,3066.190052011157,3145.7287134082458,3225.2673748053344,3304.806036202423,3384.3446975995116,3463.8833589966002,3543.422020393689,3622.9606817907775,3702.499343187866,3782.0380045849547,3861.576665982044,3941.1153273791324,4020.653988776221,4100.19265017331,4179.731311570398,4259.269972967487,4338.8086343645755,4418.347295761665,4497.885957158753,4577.424618555842,4656.96327995293,4736.5019413500195,4816.040602747107,4895.579264144197,4975.117925541284,5054.656586938374,5134.195248335462,5213.733909732551,5293.272571129639,5372.811232526728,5452.349893923816,5531.888555320906,5611.427216717993,5690.965878115083,5770.504539512171,5850.04320090926,5929.581862306349,6009.120523703437,6088.659185100527,6168.197846497615,6247.736507894704,6327.275169291792,6406.813830688881,6486.352492085969,6565.891153483059,6645.429814880146,6724.968476277236,6804.5071376743235,6884.045799071413,6963.584460468501,7043.12312186559,7122.661783262678,7202.2004446597675,7281.739106056855,7361.277767453945,7440.8164288510325,7520.355090248122,7599.89375164521,7679.432413042299,7758.971074439389,7838.5097358364765,7918.048397233566
