Using 256632 values in histogram
Mean Z Mass: 90.25826209091052 [GeV]
Standard Deviation: 2.7729496231302804 [GeV]
Entire Range of Energies Figure Name: rest_mass_hist_256632_all_calculated_phys_rev_3_iter.png
Selected Energy Range Figure Name: rest_mass_hist_256632_selected_range_phys_rev_3_iter.png
Data used/data calculated: 6903/256632 (2.69%)
Range selected: [85, 95] [GeV]
fig_size_x_y: (12, 7)
Iteration number: 3
Total running time: 0:00:06.699311
Test: False
n_counts==tot_mean_bin_vals?: True
Gotten n_count values:
0.08983269440695767,0.060854405888575575,0.08113920785144564,0.06954789244408638,0.09128160883287634,0.0985261809624557,0.08403703670328298,0.08258812227736431,0.06954789244408638,0.08983269440695767,0.07969029342551563,0.07389463572185227,0.06809897801817759,0.07969029342551563,0.09707726653655102,0.0854859511291895,0.08983269440695767,0.09128160883286336,0.08693486555512032,0.07679246457368963,0.08258812227735257,0.0724457212959336,0.08693486555510797,0.08403703670328298,0.088383779981039,0.09562835211061876,0.08258812227736431,0.08403703670327105,0.09562835211063235,0.09128160883286336,0.0724457212959336,0.09128160883287634,0.09707726653653723,0.09707726653655102,0.10287292424021109,0.09417943768471368,0.0985261809624557,0.10432183866614439,0.12170881177716845,0.09128160883286336,0.088383779981039,0.11736206849939575,0.12315772620308713,0.1072196675179665,0.10287292424022572,0.10721966751798173,0.09273052325878184,0.08258812227736431,0.11156641079572188,0.11011749636981907,0.1188109829253311,0.10432183866612957,0.1188109829253311,0.1072196675179665,0.1086685819439004,0.1086685819439004,0.0985261809624557,0.09707726653655102,0.0985261809624557,0.12315772620308713,0.11736206849939575,0.13330012718451784,0.11591315407349376,0.10866858194388496,0.13619795603635518,0.10287292424021109,0.1463403570177859,0.13330012718449888,0.10577075309206306,0.11011749636981907,0.11881098292531422,0.1188109829253311,0.11011749636980343,0.10432183866614439,0.11736206849939575,0.11736206849941243,0.12170881177716845,0.1376468704622543,0.11591315407349376,0.10577075309204802,0.12750446948084312,0.11301532522165642,0.11736206849939575,0.0985261809624697,0.09997509538837415,0.09707726653655102,0.1086685819439004,0.09128160883286336,0.09562835211063235,0.0941794376847003,0.10432183866614439,0.09562835211061876,0.11301532522165642,0.09562835211063235,0.10577075309204802,0.08983269440695767,0.0985261809624557,0.088383779981039,0.0767924645736787,0.10577075309206306
Gotten avg_bin_vals values:
85.0504848043702,85.15046624499419,85.25044768561818,85.35042912624216,85.45041056686614,85.55039200749013,85.65037344811412,85.75035488873809,85.85033632936208,85.95031776998607,86.05029921061005,86.15028065123403,86.25026209185802,86.350243532482,86.45022497310597,86.55020641372997,86.65018785435396,86.75016929497794,86.85015073560191,86.9501321762259,87.05011361684988,87.15009505747386,87.25007649809785,87.35005793872185,87.45003937934581,87.5500208199698,87.6500022605938,87.74998370121777,87.84996514184175,87.94994658246574,88.04992802308973,88.1499094637137,88.24989090433769,88.34987234496168,88.44985378558566,88.54983522620964,88.64981666683363,88.74979810745762,88.84977954808159,88.94976098870558,89.04974242932957,89.14972386995355,89.24970531057753,89.34968675120152,89.44966819182551,89.54964963244947,89.64963107307346,89.74961251369746,89.84959395432143,89.94957539494541,90.0495568355694,90.14953827619338,90.24951971681736,90.34950115744135,90.44948259806534,90.54946403868931,90.6494454793133,90.74942691993729,90.84940836056127,90.94938980118525,91.04937124180924,91.14935268243323,91.2493341230572,91.34931556368119,91.44929700430518,91.54927844492916,91.64925988555314,91.74924132617713,91.84922276680112,91.94920420742508,92.04918564804908,92.14916708867307,92.24914852929705,92.34912996992102,92.44911141054502,92.54909285116901,92.64907429179297,92.74905573241696,92.84903717304095,92.94901861366493,93.04900005428891,93.1489814949129,93.24896293553688,93.34894437616086,93.44892581678485,93.54890725740884,93.6488886980328,93.7488701386568,93.84885157928079,93.94883301990477,94.04881446052875,94.14879590115274,94.24877734177673,94.3487587824007,94.44874022302469,94.54872166364868,94.64870310427266,94.74868454489663,94.84866598552063,94.94864742614462
