All quantities (Number of data points used, mean expected W mass [GeV/c^2], mean hypothesis masses [GeV/c^2], mass width [GeV/c^2], chi_square value of hypothesis fit):
	80.379, [78.  78.5 79.  79.5 80.  80.5 81.  81.5 82. ], 2070, 12.277004393963184
Found optimal massses (chi-square roots)[GeV/c^2]:
[80.42277708]
Uncertainty [GeV/c^2]: 4.263256414560601e-14
X_energ_vls:
[0.6, 1.7999999999999998, 3.0, 4.199999999999999, 5.4, 6.6, 7.8, 9.0, 10.2, 11.399999999999999, 12.6, 13.799999999999999, 15.0, 16.2, 17.4, 18.6, 19.799999999999997, 21.0, 22.2, 23.4, 24.6, 25.799999999999997, 27.0, 28.199999999999996, 29.4, 30.6, 31.799999999999997, 33.0, 34.2, 35.4, 36.599999999999994, 37.8, 39.0, 40.2, 41.4, 42.599999999999994, 43.8, 45.0, 46.2, 47.4, 48.599999999999994, 49.8, 51.0, 52.2, 53.4, 54.599999999999994, 55.8, 57.0, 58.199999999999996, 59.4, 60.599999999999994, 61.8, 63.0, 64.19999999999999, 65.4, 66.6, 67.8, 69.0, 70.19999999999999, 71.4, 72.6, 73.8, 75.0, 76.19999999999999, 77.4, 78.6, 79.8, 81.0, 82.19999999999999, 83.4, 84.6, 85.8, 87.0, 88.19999999999999, 89.4, 90.6, 91.8, 93.0, 94.19999999999999, 95.4, 96.6, 97.8, 99.0, 100.19999999999999, 101.4, 102.6, 103.8, 105.0, 106.19999999999999, 107.4, 108.6, 109.8, 111.0, 112.19999999999999, 113.4, 114.6, 115.79999999999998, 117.0, 118.19999999999999, 119.4]
Y_data_bin_cnts:
[0.0, 0.0, 0.0, 0.0, 0.0, 0.0, 0.0, 0.0, 0.0, 0.0, 0.0, 0.0, 0.0, 0.0, 0.0, 0.0, 2.6272265911102295, 4.258678436279297, 411.0599060058594, 19834.36328125, 25654.76953125, 27492.1484375, 29399.1171875, 31445.021484375, 33674.59375, 35479.23046875, 37453.0390625, 38995.7890625, 41129.69140625, 41910.35546875, 43507.53125, 43788.16015625, 40698.3125, 34981.6171875, 27335.4609375, 20507.5390625, 15436.955078125, 12118.1220703125, 9656.71875, 7876.9765625, 6411.98046875, 5231.4833984375, 4520.0859375, 3801.735595703125, 3213.22021484375, 2732.826171875, 2341.7314453125, 2076.64306640625, 1818.6474609375, 1628.831787109375, 1405.428466796875, 1271.6634521484375, 1088.3131103515625, 942.9937744140625, 903.0429077148438, 757.8724365234375, 706.1198120117188, 623.2659301757812, 536.2207641601562, 473.77142333984375, 468.772705078125, 429.5991516113281, 385.8650207519531, 332.1512756347656, 317.75103759765625, 287.9624328613281, 266.9156494140625, 239.6173858642578, 207.060302734375, 182.9595184326172, 215.72808837890625, 158.14715576171875, 150.80113220214844, 160.19888305664062, 133.1354522705078, 118.35227966308594, 123.95072174072266, 109.80606842041016, 94.69293212890625, 76.50025177001953, 92.15445709228516, 91.18305206298828, 86.8621597290039, 58.849674224853516, 62.39198684692383, 66.516845703125, 51.518882751464844, 46.246368408203125, 49.22967529296875, 47.363338470458984, 35.41771697998047, 42.362308502197266, 34.773494720458984, 35.56611251831055, 28.009634017944336, 32.365970611572266, 31.151290893554688, 30.208356857299805, 33.36943817138672, 16.019208908081055]
Y_model_bin_cnts (using the first chi-square root):
[0.0, 0.0, 0.0, 0.0, 0.0, 0.0, 0.0, 0.0, 0.0, 0.0, 0.0, 0.0, 0.0, 0.0, 0.0, 0.0, 2.6243674755096436, 4.254044055938721, 410.61029052734375, 19805.720703125, 25613.787109375, 27446.708984375, 29348.712890625, 31388.859375, 33611.5859375, 35410.18359375, 37376.80859375, 38913.46875, 41038.16015625, 41815.19921875, 43404.484375, 43683.65625, 40608.72265625, 34914.28515625, 27290.416015625, 20477.591796875, 15416.169921875, 12102.59765625, 9644.77734375, 7867.474609375, 6404.39892578125, 5225.39453125, 4514.87451171875, 3797.3935546875, 3209.578369140625, 2729.748046875, 2339.106689453125, 2074.323486328125, 1816.6226806640625, 1627.022705078125, 1403.8720703125, 1270.2574462890625, 1087.112548828125, 941.9554443359375, 902.049072265625, 757.0398559570312, 705.3445434570312, 622.5823974609375, 535.6333618164062, 473.2528076171875, 468.2596130371094, 429.129150390625, 385.443115234375, 331.788330078125, 317.4039001464844, 287.64794921875, 266.6242370605469, 239.35585021972656, 206.8343963623047, 182.7599639892578, 215.49270629882812, 157.97471618652344, 150.63671875, 160.02420043945312, 132.99034118652344, 118.22329711914062, 123.81562805175781, 109.68641662597656, 94.58976745605469, 76.41692352294922, 92.05406188964844, 91.0837173461914, 86.76753234863281, 58.785587310791016, 62.324039459228516, 66.44440460205078, 51.46278381347656, 46.19601821899414, 49.17607116699219, 47.311767578125, 35.37915802001953, 42.316184997558594, 34.73563766479492, 35.52739334106445, 27.979143142700195, 32.33073425292969, 31.11737823486328, 30.175472259521484, 33.33311080932617, 16.001773834228516]
