Using 256632 values in histogram
Mean Z Mass: 91.52089312060085 [GeV]
Standard Deviation: 0.8595142944601654 [GeV]
Entire Range of Energies Figure Name: rest_mass_hist_256632_all_calculated_personal_4_iter.png
Selected Energy Range Figure Name: rest_mass_hist_256632_selected_range_personal_4_iter.png
Data used/data calculated: 2390/256632 (0.931%)
Range selected: [90, 93] [GeV]
fig_size_x_y: (12, 7)
Iteration number: 4
Total running time: 0:00:06.579015
Test: False
n_counts==tot_mean_bin_vals?: True
Gotten n_count values:
0.37671827910880096,0.3767182791089795,0.30695563482939336,0.25114551940598634,0.29300310597351187,0.32090816368542696,0.3906708079646825,0.32090816368542696,0.3348606925411564,0.32090816368542696,0.36276575025291946,0.26509804826187444,0.3209081636852749,0.29300310597365076,0.2650980482617488,0.40462333682075574,0.34881322139703796,0.20928793283822278,0.3348606925413151,0.3209081636852749,0.3627657502530914,0.22324046169410428,0.29300310597365076,0.20928793283822278,0.26509804826187444,0.34881322139703796,0.30695563482953886,0.29300310597351187,0.29300310597365076,0.2371929905499858,0.39067080796486764,0.30695563482939336,0.3488132213972033,0.3906708079646825,0.36276575025291946,0.3627657502530914,0.3348606925411564,0.3348606925413151,0.3209081636852749,0.44648092338842016,0.404623336820564,0.3627657502530914,0.29300310597351187,0.2790505771177626,0.2511455194058673,0.3627657502530914,0.29300310597351187,0.4185758656766439,0.36276575025291946,0.44648092338820855,0.3488132213972033,0.3209081636852749,0.22324046169421008,0.404623336820564,0.4743859811001964,0.4604334522440901,0.29300310597365076,0.404623336820564,0.3627657502530914,0.3906708079646825,0.25114551940598634,0.3209081636852749,0.40462333682075574,0.20928793283822278,0.25114551940598634,0.34881322139703796,0.432528394532532,0.34881322139703796,0.2511455194058673,0.4185758656766439,0.37671827910880096,0.40462333682075574,0.2371929905499858,0.46043345224430826,0.29300310597351187,0.2371929905500982,0.3348606925411564,0.3348606925413151,0.2511455194058673,0.26509804826187444,0.27905057711763037,0.3627657502530914,0.41857586567644556,0.30695563482939336,0.32090816368542696,0.3348606925411564,0.3488132213972033,0.4604334522440901,0.30695563482953886,0.30695563482939336,0.32090816368542696,0.43252839453232705,0.4185758656766439,0.36276575025291946,0.32090816368542696,0.36276575025291946,0.29300310597365076,0.37671827910880096,0.26509804826187444,0.30695563482939336
Gotten avg_bin_vals values:
90.01536426722816,90.04535238236934,90.07534049751052,90.10532861265172,90.13531672779291,90.16530484293409,90.19529295807527,90.22528107321646,90.25526918835766,90.28525730349884,90.31524541864002,90.34523353378121,90.3752216489224,90.40520976406358,90.43519787920476,90.46518599434596,90.49517410948715,90.52516222462833,90.55515033976953,90.58513845491072,90.6151265700519,90.64511468519308,90.67510280033427,90.70509091547547,90.73507903061665,90.76506714575783,90.79505526089902,90.82504337604021,90.85503149118139,90.88501960632257,90.91500772146377,90.94499583660496,90.97498395174614,91.00497206688732,91.03496018202853,91.0649482971697,91.09493641231089,91.12492452745208,91.15491264259327,91.18490075773445,91.21488887287563,91.24487698801683,91.27486510315802,91.3048532182992,91.33484133344038,91.36482944858157,91.39481756372277,91.42480567886395,91.45479379400513,91.48478190914634,91.51477002428751,91.5447581394287,91.57474625456989,91.60473436971108,91.63472248485226,91.66471059999344,91.69469871513463,91.72468683027583,91.75467494541701,91.78466306055819,91.81465117569938,91.84463929084058,91.87462740598176,91.90461552112293,91.93460363626413,91.96459175140532,91.9945798665465,92.02456798168768,92.05455609682889,92.08454421197007,92.11453232711125,92.14452044225244,92.17450855739364,92.20449667253482,92.234484787676,92.26447290281719,92.29446101795838,92.32444913309956,92.35443724824074,92.38442536338194,92.41441347852313,92.44440159366431,92.47438970880549,92.5043778239467,92.53436593908788,92.56435405422906,92.59434216937025,92.62433028451144,92.65431839965262,92.6843065147938,92.714294629935,92.74428274507619,92.77427086021737,92.80425897535855,92.83424709049974,92.86423520564094,92.89422332078212,92.9242114359233,92.95419955106449,92.98418766620568
