All quantities (Number of data points used, mean expected W mass [GeV/c^2], mean hypothesis masses [GeV/c^2], mass width [GeV/c^2], chi_square value of hypothesis fit):
	80.379, [78.  78.5 79.  79.5 80.  80.5 81.  81.5 82. ], 2070, 41.682632838592745
Found optimal massses (chi-square roots)[GeV/c^2]:
[80.42920702]
Uncertainty [GeV/c^2]: 0.05787070778021075
X_energ_vls:
[0.6, 1.7999999999999998, 3.0, 4.199999999999999, 5.4, 6.6, 7.8, 9.0, 10.2, 11.399999999999999, 12.6, 13.799999999999999, 15.0, 16.2, 17.4, 18.6, 19.799999999999997, 21.0, 22.2, 23.4, 24.6, 25.799999999999997, 27.0, 28.199999999999996, 29.4, 30.6, 31.799999999999997, 33.0, 34.2, 35.4, 36.599999999999994, 37.8, 39.0, 40.2, 41.4, 42.599999999999994, 43.8, 45.0, 46.2, 47.4, 48.599999999999994, 49.8, 51.0, 52.2, 53.4, 54.599999999999994, 55.8, 57.0, 58.199999999999996, 59.4, 60.599999999999994, 61.8, 63.0, 64.19999999999999, 65.4, 66.6, 67.8, 69.0, 70.19999999999999, 71.4, 72.6, 73.8, 75.0, 76.19999999999999, 77.4, 78.6, 79.8, 81.0, 82.19999999999999, 83.4, 84.6, 85.8, 87.0, 88.19999999999999, 89.4, 90.6, 91.8, 93.0, 94.19999999999999, 95.4, 96.6, 97.8, 99.0, 100.19999999999999, 101.4, 102.6, 103.8, 105.0, 106.19999999999999, 107.4, 108.6, 109.8, 111.0, 112.19999999999999, 113.4, 114.6, 115.79999999999998, 117.0, 118.19999999999999, 119.4]
Y_data_bin_cnts:
[0.0, 0.0, 0.0, 0.0, 0.0, 0.0, 0.0, 0.0, 0.0, 0.0, 0.0, 0.0, 0.0, 0.0, 0.0, 2.0, 1.0, 21.999998092651367, 1489.0, 74358.0, 97268.0, 103398.0, 110581.0, 117586.0, 124146.0, 131104.0, 138550.0, 146457.0, 153167.0, 160283.0, 166239.0, 166552.0, 160112.0, 138916.0, 108363.0, 80056.0, 60365.0, 46302.0, 36320.0, 29355.998046875, 23917.0, 19684.0, 16134.0, 13535.0, 11629.0, 9812.0, 8341.0, 7056.99951171875, 6261.00048828125, 5391.0, 4703.0, 4022.0, 3551.0, 3209.0, 2798.0, 2519.0, 2255.0, 1986.0, 1795.0, 1653.0, 1479.0, 1359.0, 1181.0, 1055.0, 966.0, 884.0, 775.0, 716.0, 679.0, 629.0, 564.0, 534.0, 440.0000305175781, 459.0000305175781, 393.0, 399.0, 380.9999694824219, 341.0, 309.0, 291.0, 235.0, 242.0, 208.0, 202.0, 184.0, 159.0, 179.0, 166.0, 156.0, 125.0, 120.0, 103.0, 99.0, 98.00000762939453, 104.99999237060547, 72.0, 83.0, 84.0, 65.0, 69.0]
Y_model_bin_cnts (using the first chi-square root):
[0.0, 0.0, 0.0, 0.0, 0.0, 0.0, 0.0, 0.0, 0.0, 0.0, 0.0, 0.0, 0.0, 0.0, 0.0, 1.9975042343139648, 0.9987521171569824, 21.9725399017334, 1487.10693359375, 73167.8359375, 97846.7109375, 103849.609375, 110949.140625, 117903.734375, 124431.15625, 131363.8125, 138789.390625, 146679.765625, 153378.46875, 160484.578125, 166433.5625, 166746.21875, 160313.796875, 139154.53125, 108752.3515625, 77744.3125, 60064.07421875, 46165.98828125, 36237.41015625, 29298.3359375, 23874.53515625, 19651.484375, 16108.818359375, 13514.6953125, 11612.037109375, 9798.0556640625, 8329.3876953125, 7047.34716796875, 6252.52783203125, 5383.78955078125, 4696.76708984375, 4016.717041015625, 3546.3642578125, 3204.829345703125, 2794.382568359375, 2515.755126953125, 2252.10498046875, 1983.458984375, 1792.708984375, 1650.89404296875, 1477.119873046875, 1357.2750244140625, 1179.5042724609375, 1053.666015625, 964.7799072265625, 882.8846435546875, 774.0234985351562, 715.0985107421875, 678.1455078125, 628.2089233398438, 563.2911987304688, 533.3291625976562, 439.4479064941406, 458.4239501953125, 392.5071716308594, 398.4996032714844, 380.5223083496094, 340.5726623535156, 308.6129150390625, 290.63555908203125, 234.7058868408203, 241.6970977783203, 207.73976135253906, 201.74729919433594, 183.76986694335938, 158.8011932373047, 178.77613830566406, 165.79241943359375, 155.80494689941406, 124.8437728881836, 119.85002899169922, 102.87129974365234, 98.87630462646484, 97.87755584716797, 104.86880493164062, 71.91007232666016, 82.89631652832031, 83.89506530761719, 64.9188232421875, 68.91382598876953]
