Using 256632 values in histogram
Mean Z Mass: 515.0685399511427 [GeV]
Standard Deviation: 464.8926474381828 [GeV]
Output Figure Name: rest_mass_hist_256632.png
Total running time: 0:00:33.564499
Test: False
n_counts==tot_mean_bin_vals?: True
Gotten n_count values:
0.001304785603058172,0.0013748173683001286,0.0010934410523384787,0.0007927625219624659,0.0005320601513887876,0.0003446963975113035,0.00024230647840973616,0.00016671430368546988,0.00012156965753614265,8.556171947889296e-05,6.209532175178756e-05,4.460575183826633e-05,3.292154336662819e-05,2.4274739193696763e-05,1.753856030543585e-05,1.2835482681631826e-05,9.479640835479995e-06,6.8341596720902285e-06,4.678582427846702e-06,3.3558418461518324e-06,2.6699763593470783e-06,1.592187737225322e-06,1.5676925412680093e-06,9.063222504205679e-07,3.42932743402376e-07,3.184375474450653e-07,2.4495195957312504e-07,3.4293274340237703e-07,4.899039191462529e-08,1.7146637170118852e-07,1.2247597978656323e-07,1.2247597978656323e-07,2.4495195957312645e-08,2.4495195957312645e-08,7.348558787193794e-08,7.348558787193794e-08,4.899039191462529e-08,2.4495195957312506e-08,2.4495195957312645e-08,0.0,0.0,7.348558787193794e-08,4.899039191462529e-08,2.4495195957312645e-08,0.0,0.0,0.0,0.0,0.0,2.4495195957312645e-08
Gotten avg_bin_vals values:
83.49024962033211,242.5675724145094,401.64489520868676,560.7222180028641,719.7995407970413,878.8768635912187,1037.954186385396,1197.0315091795735,1356.1088319737507,1515.1861547679282,1674.2634775621054,1833.3408003562827,1992.41812315046,2151.495445944637,2310.572768738815,2469.650091532992,2628.7274143271693,2787.8047371213465,2946.882059915524,3105.9593827097015,3265.0367055038787,3424.114028298056,3583.191351092233,3742.2686738864104,3901.3459966805876,4060.423319474765,4219.500642268942,4378.57796506312,4537.6552878572975,4696.732610651475,4855.809933445652,5014.887256239829,5173.964579034006,5333.041901828184,5492.119224622361,5651.196547416538,5810.273870210715,5969.3511930048935,6128.428515799071,6287.505838593248,6446.583161387425,6605.660484181602,6764.73780697578,6923.815129769957,7082.892452564134,7241.969775358311,7401.047098152489,7560.124420946666,7719.201743740843,7878.279066535021
