All quantities (Number of data points used, mean expected W mass [GeV/c^2], mean hypothesis masses [GeV/c^2], mass width [GeV/c^2], chi_square value of hypothesis fit):
	99999, 80.36010913, [78.  79.4 80.8 82.2 83.6 85.  86.4 87.8 89.2 90.6 92. ], 2.07041274, 146.67302655954285
Found optimal massses (chi-square roots)[GeV/c^2]:
[80.4783045]
Uncertainty [GeV/c^2]: 0.0
X_energ_vls:
[30.1, 30.299999999999997, 30.5, 30.700000000000003, 30.9, 31.1, 31.299999999999997, 31.5, 31.700000000000003, 31.9, 32.1, 32.3, 32.5, 32.7, 32.9, 33.1, 33.3, 33.5, 33.7, 33.9, 34.1, 34.3, 34.5, 34.7, 34.9, 35.1, 35.3, 35.5, 35.7, 35.9, 36.1, 36.3, 36.5, 36.7, 36.9, 37.1, 37.3, 37.5, 37.7, 37.9, 38.1, 38.3, 38.5, 38.7, 38.9, 39.1, 39.3, 39.5, 39.7, 39.9, 40.1, 40.3, 40.5, 40.7, 40.9, 41.1, 41.3, 41.5, 41.7, 41.9, 42.1, 42.3, 42.5, 42.7, 42.9, 43.1, 43.3, 43.5, 43.7, 43.9, 44.1, 44.3, 44.5, 44.7, 44.9, 45.1, 45.3, 45.5, 45.7, 45.9, 46.1, 46.300000000000004, 46.5, 46.7, 46.9, 47.1, 47.300000000000004, 47.5, 47.7, 47.9, 48.1, 48.300000000000004, 48.5, 48.7, 48.9, 49.1, 49.300000000000004, 49.5, 49.7, 49.9]
Y_data_bin_cnts:
[266.0, 281.0, 301.0, 304.0, 281.0, 321.0, 336.0, 324.0, 300.0, 328.0, 328.0, 325.0, 318.0, 337.0, 328.0, 371.0, 345.0, 331.0, 383.0, 356.0, 327.0, 345.0, 368.0, 354.0, 369.0, 369.0, 367.0, 344.0, 389.0, 342.0, 384.0, 374.0, 371.0, 385.0, 365.0, 370.0, 364.0, 348.0, 351.0, 340.0, 420.0, 408.0, 389.0, 399.0, 403.0, 398.0, 377.0, 376.0, 348.0, 319.0, 320.0, 307.0, 319.0, 305.0, 286.0, 320.0, 272.0, 260.0, 238.99998474121094, 235.00001525878906, 228.00001525878906, 215.0, 215.99998474121094, 211.0, 204.0, 180.0, 196.0, 185.0, 158.0, 154.0, 148.0, 127.0, 134.0, 128.0, 120.0, 120.0, 122.99999237060547, 100.99999237060547, 104.0, 94.0, 110.0, 105.0, 81.0, 79.0, 100.00000762939453, 86.0, 75.0, 76.0, 86.0, 83.0, 80.0, 77.0, 65.0, 70.0, 73.0, 61.000003814697266, 64.0, 56.0, 57.000003814697266, 66.0]
Y_model_bin_cnts (using the first chi-square root):
[299.5898742675781, 304.56085205078125, 280.66796875, 295.59197998046875, 295.5860900878906, 292.5950622558594, 339.364013671875, 293.5786437988281, 293.572509765625, 326.4069519042969, 323.4144287109375, 285.5942077636719, 322.4063415527344, 274.6368408203125, 321.3979187011719, 357.2123718261719, 313.4244384765625, 342.271728515625, 355.1991882324219, 363.1507873535156, 353.1934509277344, 332.2933044433594, 333.28076171875, 307.4071350097656, 350.17706298828125, 362.107666015625, 334.2453918457031, 356.1216735839844, 389.93402099609375, 340.1900634765625, 353.11248779296875, 358.0770568847656, 378.95574951171875, 388.8921813964844, 355.06707763671875, 401.8028259277344, 318.2513122558594, 358.02386474609375, 387.8492126464844, 413.6947021484375, 359.98492431640625, 364.94744873046875, 349.02740478515625, 387.7980651855469, 353.97991943359375, 341.04449462890625, 350.97760009765625, 359.9162292480469, 314.1722717285156, 308.1978454589844, 330.0604553222656, 311.1625061035156, 298.2300109863281, 291.26275634765625, 294.2358703613281, 276.334716796875, 250.48291015625, 231.59007263183594, 234.5645294189453, 226.60610961914062, 206.7218017578125, 174.912841796875, 204.72076416015625, 178.87625122070312, 174.89573669433594, 156.00926208496094, 185.81365966796875, 160.9665985107422, 148.0446014404297, 158.9684600830078, 135.11854553222656, 132.1331024169922, 143.05615234375, 138.08396911621094, 138.07887268066406, 107.28023529052734, 103.30280303955078, 105.28543853759766, 93.36270141601562, 74.48866271972656, 90.37584686279297, 97.32402801513672, 79.44496154785156, 94.33686065673828, 89.36856079101562, 76.4561996459961, 80.42444610595703, 81.41382598876953, 85.38136291503906, 85.37773895263672, 75.44670867919922, 43.67776870727539, 65.51358032226562, 63.5252685546875, 63.52232360839844, 56.571964263916016, 64.50865173339844, 72.44454193115234, 58.548240661621094, 52.59148025512695]
