Using 256632 values in histogram
Mean Z Mass: 90.48202752261045 [GeV]
Standard Deviation: 5.415454382760143 [GeV]
Entire Range of Energies Figure Name: rest_mass_hist_256632_all_calculated_phys_rev.png
Selected Energy Range Figure Name: rest_mass_hist_256632_selected_range_phys_rev_2nd_iter.png
Data used/data calculated: 12304/256632 (4.794%)
Range selected: [80, 100] [GeV]
fig_size_x_y: (12, 7)
Total running time: 0:00:24.633152
Test: False
n_counts==tot_mean_bin_vals?: True
Gotten n_count values:
0.04267574330313678,0.03495346594351907,0.03576633724453368,0.03657920854554321,0.03129554508896697,0.0333277233414973,0.033327723341494926,0.034953465943521556,0.03739207984655794,0.0398306937495915,0.04145643635161859,0.03861138679807339,0.041050000701112525,0.04511435720617316,0.03861138679807339,0.0447079215556671,0.03942425809908826,0.04145643635161564,0.0447079215556671,0.03942425809908546,0.041050000701112525,0.043488614604148906,0.043488614604145825,0.04755297110920955,0.040237129400100394,0.042269307652627715,0.04186287200212465,0.054055941517302745,0.04633366415769136,0.04430148590516104,0.043082178953639784,0.04226930765263071,0.05039802066274843,0.05121089196376414,0.045927228507185294,0.043082178953639784,0.04795940675971561,0.052023763264772566,0.046740099808197426,0.05243019891528233,0.04633366415768807,0.05364950586680053,0.055275248468824784,0.05730742672135103,0.05974604062439149,0.0573074267213551,0.06543613973147175,0.058120298022367234,0.04917871371123032,0.06299752582844001,0.06177821887692181,0.06340396147894158,0.06177821887692181,0.054055941517302745,0.06218465452742788,0.07071980318805524,0.06259109017792949,0.06706188233350066,0.07925495184867695,0.05974604062439149,0.0666554466829946,0.060152476274893285,0.06584257538198246,0.07437772404260981,0.06137178322641139,0.0666554466829946,0.060965347575909684,0.05568168411932689,0.05608811976983691,0.0524301989152786,0.05649455542034298,0.058120298022367234,0.055275248468820856,0.05243019891528233,0.05080445631325446,0.048772278060727745,0.04552079285667923,0.04633366415768807,0.05324307021629446,0.047959406759712206,0.043082178953642844,0.0447079215556671,0.05933960497388543,0.045520792856676,0.05405594151730659,0.04186287200212167,0.05080445631325808,0.06299752582844001,0.04430148590515789,0.04755297110920955,0.04064356505060357,0.05649455542034298,0.048772278060727745,0.04430148590515789,0.04755297110920955,0.05080445631325446,0.04755297110920955,0.049585149361739876,0.03942425809908546,0.043895050254654976
Gotten avg_bin_vals values:
80.10242658312393,80.3023952182904,80.50236385345688,80.70233248862337,80.90230112378984,81.10226975895631,81.30223839412278,81.50220702928927,81.70217566445574,81.90214429962222,82.10211293478869,82.30208156995516,82.50205020512165,82.70201884028812,82.9019874754546,83.10195611062107,83.30192474578755,83.50189338095402,83.7018620161205,83.90183065128699,84.10179928645346,84.30176792161993,84.5017365567864,84.70170519195288,84.90167382711935,85.10164246228584,85.30161109745231,85.50157973261878,85.70154836778526,85.90151700295173,86.10148563811822,86.30145427328469,86.50142290845116,86.70139154361765,86.90136017878412,87.1013288139506,87.30129744911707,87.50126608428354,87.70123471945003,87.9012033546165,88.10117198978298,88.30114062494945,88.50110926011592,88.7010778952824,88.90104653044888,89.10101516561535,89.30098380078184,89.5009524359483,89.70092107111478,89.90088970628126,90.10085834144773,90.30082697661422,90.50079561178069,90.70076424694716,90.90073288211364,91.10070151728011,91.3006701524466,91.50063878761307,91.70060742277954,91.90057605794603,92.1005446931125,92.30051332827898,92.50048196344545,92.70045059861192,92.9004192337784,93.10038786894488,93.30035650411135,93.50032513927783,93.7002937744443,93.90026240961078,94.10023104477726,94.30019967994373,94.50016831511022,94.70013695027669,94.90010558544316,95.10007422060964,95.30004285577611,95.5000114909426,95.69998012610907,95.89994876127554,96.09991739644202,96.2998860316085,96.49985466677497,96.69982330194145,96.89979193710792,97.09976057227439,97.29972920744088,97.49969784260735,97.69966647777383,97.8996351129403,98.09960374810677,98.29957238327326,98.49954101843973,98.69950965360621,98.89947828877268,99.09944692393915,99.29941555910564,99.49938419427211,99.6993528294386,99.89932146460507
